000000000
111000000
100100000
011100000
010010000
101010000
110110000
001110000
110001000
001001000
010101000
101101000
100011000
011011000
000111000
111111000
100000100
011000100
000100100
111100100
110010100
001010100
010110100
101110100
010001100
101001100
110101100
001101100
000011100
111011100
100111100
011111100
010000010
101000010
110100010
001100010
000010010
111010010
100110010
011110010
100001010
011001010
000101010
111101010
110011010
001011010
010111010
101111010
110000110
001000110
010100110
101100110
100010110
011010110
000110110
111110110
000001110
111001110
100101110
011101110
010011110
101011110
110111110
001111110
110000001
001000001
010100001
101100001
100010001
011010001
000110001
111110001
000001001
111001001
100101001
011101001
010011001
101011001
110111001
001111001
010000101
101000101
110100101
001100101
000010101
111010101
100110101
011110101
100001101
011001101
000101101
111101101
110011101
001011101
010111101
101111101
100000011
011000011
000100011
111100011
110010011
001010011
010110011
101110011
010001011
101001011
110101011
001101011
000011011
111011011
100111011
011111011
000000111
111000111
100100111
011100111
010010111
101010111
110110111
001110111
110001111
001001111
010101111
101101111
100011111
011011111
000111111
111111111
