000000000000000000000000
110011011001111000000000
111011110010010100000000
001000101011101100000000
001101111011010010000000
111110100010101010000000
110110001001000110000000
000101010000111110000000
101001110111100001000000
011010101110011001000000
010010000101110101000000
100001011100001101000000
100100001100110011000000
010111010101001011000000
011111111110100111000000
101100100111011111000000
110111111100000000100000
000100100101111000100000
001100001110010100100000
111111010111101100100000
111010000111010010100000
001001011110101010100000
000001110101000110100000
110010101100111110100000
011110001011100001100000
101101010010011001100000
100101111001110101100000
010110100000001101100000
010011110000110011100000
100000101001001011100000
101000000010100111100000
011011011011011111100000
011110110101010000010000
101101101100101000010000
100101000111000100010000
010110011110111100010000
010011001110000010010000
100000010111111010010000
101000111100010110010000
011011100101101110010000
110111000010110001010000
000100011011001001010000
001100110000100101010000
111111101001011101010000
111010111001100011010000
001001100000011011010000
000001001011110111010000
110010010010001111010000
101001001001010000110000
011010010000101000110000
010010111011000100110000
100001100010111100110000
100100110010000010110000
010111101011111010110000
011111000000010110110000
101100011001101110110000
000000111110110001110000
110011100111001001110000
111011001100100101110000
001000010101011101110000
001101000101100011110000
111110011100011011110000
110110110111110111110000
000101101110001111110000
101111000001100000001000
011100011000011000001000
010100110011110100001000
100111101010001100001000
100010111010110010001000
010001100011001010001000
011001001000100110001000
101010010001011110001000
000110110110000001001000
110101101111111001001000
111101000100010101001000
001110011101101101001000
001011001101010011001000
111000010100101011001000
110000111111000111001000
000011100110111111001000
011000111101100000101000
101011100100011000101000
100011001111110100101000
010000010110001100101000
010101000110110010101000
100110011111001010101000
101110110100100110101000
011101101101011110101000
110001001010000001101000
000010010011111001101000
001010111000010101101000
111001100001101101101000
111100110001010011101000
001111101000101011101000
000111000011000111101000
110100011010111111101000
110001110100110000011000
000010101101001000011000
001010000110100100011000
111001011111011100011000
111100001111100010011000
001111010110011010011000
000111111101110110011000
110100100100001110011000
011000000011010001011000
101011011010101001011000
100011110001000101011000
010000101000111101011000
010101111000000011011000
100110100001111011011000
101110001010010111011000
011101010011101111011000
000110001000110000111000
110101010001001000111000
111101111010100100111000
001110100011011100111000
001011110011100010111000
111000101010011010111000
110000000001110110111000
000011011000001110111000
101111111111010001111000
011100100110101001111000
010100001101000101111000
100111010100111101111000
100010000100000011111000
010001011101111011111000
011001110110010111111000
101010101111101111111000
101010011110000000000100
011001000111111000000100
010001101100010100000100
100010110101101100000100
100111100101010010000100
010100111100101010000100
011100010111000110000100
101111001110111110000100
000011101001100001000100
110000110000011001000100
111000011011110101000100
001011000010001101000100
001110010010110011000100
111101001011001011000100
110101100000100111000100
000110111001011111000100
011101100010000000100100
101110111011111000100100
100110010000010100100100
010101001001101100100100
010000011001010010100100
100011000000101010100100
101011101011000110100100
011000110010111110100100
110100010101100001100100
000111001100011001100100
001111100111110101100100
111100111110001101100100
111001101110110011100100
001010110111001011100100
000010011100100111100100
110001000101011111100100
110100101011010000010100
000111110010101000010100
001111011001000100010100
111100000000111100010100
111001010000000010010100
001010001001111010010100
000010100010010110010100
110001111011101110010100
011101011100110001010100
101110000101001001010100
100110101110100101010100
010101110111011101010100
010000100111100011010100
100011111110011011010100
101011010101110111010100
011000001100001111010100
000011010111010000110100
110000001110101000110100
111000100101000100110100
001011111100111100110100
001110101100000010110100
111101110101111010110100
110101011110010110110100
000110000111101110110100
101010100000110001110100
011001111001001001110100
010001010010100101110100
100010001011011101110100
100111011011100011110100
010100000010011011110100
011100101001110111110100
101111110000001111110100
000101011111100000001100
110110000110011000001100
111110101101110100001100
001101110100001100001100
001000100100110010001100
111011111101001010001100
110011010110100110001100
000000001111011110001100
101100101000000001001100
011111110001111001001100
010111011010010101001100
100100000011101101001100
100001010011010011001100
010010001010101011001100
011010100001000111001100
101001111000111111001100
110010100011100000101100
000001111010011000101100
001001010001110100101100
111010001000001100101100
111111011000110010101100
001100000001001010101100
000100101010100110101100
110111110011011110101100
011011010100000001101100
101000001101111001101100
100000100110010101101100
010011111111101101101100
010110101111010011101100
100101110110101011101100
101101011101000111101100
011110000100111111101100
011011101010110000011100
101000110011001000011100
100000011000100100011100
010011000001011100011100
010110010001100010011100
100101001000011010011100
101101100011110110011100
011110111010001110011100
110010011101010001011100
000001000100101001011100
001001101111000101011100
111010110110111101011100
111111100110000011011100
001100111111111011011100
000100010100010111011100
110111001101101111011100
101100010110110000111100
011111001111001000111100
010111100100100100111100
100100111101011100111100
100001101101100010111100
010010110100011010111100
011010011111110110111100
101001000110001110111100
000101100001010001111100
110110111000101001111100
111110010011000101111100
001101001010111101111100
001000011010000011111100
111011000011111011111100
110011101000010111111100
000000110001101111111100
001011010100110000000010
111000001101001000000010
110000100110100100000010
000011111111011100000010
000110101111100010000010
110101110110011010000010
111101011101110110000010
001110000100001110000010
100010100011010001000010
010001111010101001000010
011001010001000101000010
101010001000111101000010
101111011000000011000010
011100000001111011000010
010100101010010111000010
100111110011101111000010
111100101000110000100010
001111110001001000100010
000111011010100100100010
110100000011011100100010
110001010011100010100010
000010001010011010100010
001010100001110110100010
111001111000001110100010
010101011111010001100010
100110000110101001100010
101110101101000101100010
011101110100111101100010
011000100100000011100010
101011111101111011100010
100011010110010111100010
010000001111101111100010
010101100001100000010010
100110111000011000010010
101110010011110100010010
011101001010001100010010
011000011010110010010010
101011000011001010010010
100011101000100110010010
010000110001011110010010
111100010110000001010010
001111001111111001010010
000111100100010101010010
110100111101101101010010
110001101101010011010010
000010110100101011010010
001010011111000111010010
111001000110111111010010
100010011101100000110010
010001000100011000110010
011001101111110100110010
101010110110001100110010
101111100110110010110010
011100111111001010110010
010100010100100110110010
100111001101011110110010
001011101010000001110010
111000110011111001110010
110000011000010101110010
000011000001101101110010
000110010001010011110010
110101001000101011110010
111101100011000111110010
001110111010111111110010
100100010101010000001010
010111001100101000001010
011111100111000100001010
101100111110111100001010
101001101110000010001010
011010110111111010001010
010010011100010110001010
100001000101101110001010
001101100010110001001010
111110111011001001001010
110110010000100101001010
000101001001011101001010
000000011001100011001010
110011000000011011001010
111011101011110111001010
001000110010001111001010
010011101001010000101010
100000110000101000101010
101000011011000100101010
011011000010111100101010
011110010010000010101010
101101001011111010101010
100101100000010110101010
010110111001101110101010
111010011110110001101010
001001000111001001101010
000001101100100101101010
110010110101011101101010
110111100101100011101010
000100111100011011101010
001100010111110111101010
111111001110001111101010
111010100000000000011010
001001111001111000011010
000001010010010100011010
110010001011101100011010
110111011011010010011010
000100000010101010011010
001100101001000110011010
111111110000111110011010
010011010111100001011010
100000001110011001011010
101000100101110101011010
011011111100001101011010
011110101100110011011010
101101110101001011011010
100101011110100111011010
010110000111011111011010
001101011100000000111010
111110000101111000111010
110110101110010100111010
000101110111101100111010
000000100111010010111010
110011111110101010111010
111011010101000110111010
001000001100111110111010
100100101011100001111010
010111110010011001111010
011111011001110101111010
101100000000001101111010
101001010000110011111010
011010001001001011111010
010010100010100111111010
100001111011011111111010
100001001010110000000110
010010010011001000000110
011010111000100100000110
101001100001011100000110
101100110001100010000110
011111101000011010000110
010111000011110110000110
100100011010001110000110
001000111101010001000110
111011100100101001000110
110011001111000101000110
000000010110111101000110
000101000110000011000110
110110011111111011000110
111110110100010111000110
001101101101101111000110
010110110110110000100110
100101101111001000100110
101101000100100100100110
011110011101011100100110
011011001101100010100110
101000010100011010100110
100000111111110110100110
010011100110001110100110
111111000001010001100110
001100011000101001100110
000100110011000101100110
110111101010111101100110
110010111010000011100110
000001100011111011100110
001001001000010111100110
111010010001101111100110
111111111111100000010110
001100100110011000010110
000100001101110100010110
110111010100001100010110
110010000100110010010110
000001011101001010010110
001001110110100110010110
111010101111011110010110
010110001000000001010110
100101010001111001010110
101101111010010101010110
011110100011101101010110
011011110011010011010110
101000101010101011010110
100000000001000111010110
010011011000111111010110
001000000011100000110110
111011011010011000110110
110011110001110100110110
000000101000001100110110
000101111000110010110110
110110100001001010110110
111110001010100110110110
001101010011011110110110
100001110100000001110110
010010101101111001110110
011010000110010101110110
101001011111101101110110
101100001111010011110110
011111010110101011110110
010111111101000111110110
100100100100111111110110
001110001011010000001110
111101010010101000001110
110101111001000100001110
000110100000111100001110
000011110000000010001110
110000101001111010001110
111000000010010110001110
001011011011101110001110
100111111100110001001110
010100100101001001001110
011100001110100101001110
101111010111011101001110
101010000111100011001110
011001011110011011001110
010001110101110111001110
100010101100001111001110
111001110111010000101110
001010101110101000101110
000010000101000100101110
110001011100111100101110
110100001100000010101110
000111010101111010101110
001111111110010110101110
111100100111101110101110
010000000000110001101110
100011011001001001101110
101011110010100101101110
011000101011011101101110
011101111011100011101110
101110100010011011101110
100110001001110111101110
010101010000001111101110
010000111110000000011110
100011100111111000011110
101011001100010100011110
011000010101101100011110
011101000101010010011110
101110011100101010011110
100110110111000110011110
010101101110111110011110
111001001001100001011110
001010010000011001011110
000010111011110101011110
110001100010001101011110
110100110010110011011110
000111101011001011011110
001111000000100111011110
111100011001011111011110
100111000010000000111110
010100011011111000111110
011100110000010100111110
101111101001101100111110
101010111001010010111110
011001100000101010111110
010001001011000110111110
100010010010111110111110
001110110101100001111110
111101101100011001111110
110101000111110101111110
000110011110001101111110
000011001110110011111110
110000010111001011111110
111000111100100111111110
001011100101011111111110
110100011010100000000001
000111000011011000000001
001111101000110100000001
111100110001001100000001
111001100001110010000001
001010111000001010000001
000010010011100110000001
110001001010011110000001
011101101101000001000001
101110110100111001000001
100110011111010101000001
010101000110101101000001
010000010110010011000001
100011001111101011000001
101011100100000111000001
011000111101111111000001
000011100110100000100001
110000111111011000100001
111000010100110100100001
001011001101001100100001
001110011101110010100001
111101000100001010100001
110101101111100110100001
000110110110011110100001
101010010001000001100001
011001001000111001100001
010001100011010101100001
100010111010101101100001
100111101010010011100001
010100110011101011100001
011100011000000111100001
101111000001111111100001
101010101111110000010001
011001110110001000010001
010001011101100100010001
100010000100011100010001
100111010100100010010001
010100001101011010010001
011100100110110110010001
101111111111001110010001
000011011000010001010001
110000000001101001010001
111000101010000101010001
001011110011111101010001
001110100011000011010001
111101111010111011010001
110101010001010111010001
000110001000101111010001
011101010011110000110001
101110001010001000110001
100110100001100100110001
010101111000011100110001
010000101000100010110001
100011110001011010110001
101011011010110110110001
011000000011001110110001
110100100100010001110001
000111111101101001110001
001111010110000101110001
111100001111111101110001
111001011111000011110001
001010000110111011110001
000010101101010111110001
110001110100101111110001
011011011011000000001001
101000000010111000001001
100000101001010100001001
010011110000101100001001
010110100000010010001001
100101111001101010001001
101101010010000110001001
011110001011111110001001
110010101100100001001001
000001110101011001001001
001001011110110101001001
111010000111001101001001
111111010111110011001001
001100001110001011001001
000100100101100111001001
110111111100011111001001
101100100111000000101001
011111111110111000101001
010111010101010100101001
100100001100101100101001
100001011100010010101001
010010000101101010101001
011010101110000110101001
101001110111111110101001
000101010000100001101001
110110001001011001101001
111110100010110101101001
001101111011001101101001
001000101011110011101001
111011110010001011101001
110011011001100111101001
000000000000011111101001
000101101110010000011001
110110110111101000011001
111110011100000100011001
001101000101111100011001
001000010101000010011001
111011001100111010011001
110011100111010110011001
000000111110101110011001
101100011001110001011001
011111000000001001011001
010111101011100101011001
100100110010011101011001
100001100010100011011001
010010111011011011011001
011010010000110111011001
101001001001001111011001
110010010010010000111001
000001001011101000111001
001001100000000100111001
111010111001111100111001
111111101001000010111001
001100110000111010111001
000100011011010110111001
110111000010101110111001
011011100101110001111001
101000111100001001111001
100000010111100101111001
010011001110011101111001
010110011110100011111001
100101000111011011111001
101101101100110111111001
011110110101001111111001
011110000100100000000101
101101011101011000000101
100101110110110100000101
010110101111001100000101
010011111111110010000101
100000100110001010000101
101000001101100110000101
011011010100011110000101
110111110011000001000101
000100101010111001000101
001100000001010101000101
111111011000101101000101
111010001000010011000101
001001010001101011000101
000001111010000111000101
110010100011111111000101
101001111000100000100101
011010100001011000100101
010010001010110100100101
100001010011001100100101
100100000011110010100101
010111011010001010100101
011111110001100110100101
101100101000011110100101
000000001111000001100101
110011010110111001100101
111011111101010101100101
001000100100101101100101
001101110100010011100101
111110101101101011100101
110110000110000111100101
000101011111111111100101
000000110001110000010101
110011101000001000010101
111011000011100100010101
001000011010011100010101
001101001010100010010101
111110010011011010010101
110110111000110110010101
000101100001001110010101
101001000110010001010101
011010011111101001010101
010010110100000101010101
100001101101111101010101
100100111101000011010101
010111100100111011010101
011111001111010111010101
101100010110101111010101
110111001101110000110101
000100010100001000110101
001100111111100100110101
111111100110011100110101
111010110110100010110101
001001101111011010110101
000001000100110110110101
110010011101001110110101
011110111010010001110101
101101100011101001110101
100101001000000101110101
010110010001111101110101
010011000001000011110101
100000011000111011110101
101000110011010111110101
011011101010101111110101
110001000101000000001101
000010011100111000001101
001010110111010100001101
111001101110101100001101
111100111110010010001101
001111100111101010001101
000111001100000110001101
110100010101111110001101
011000110010100001001101
101011101011011001001101
100011000000110101001101
010000011001001101001101
010101001001110011001101
100110010000001011001101
101110111011100111001101
011101100010011111001101
000110111001000000101101
110101100000111000101101
111101001011010100101101
001110010010101100101101
001011000010010010101101
111000011011101010101101
110000110000000110101101
000011101001111110101101
101111001110100001101101
011100010111011001101101
010100111100110101101101
100111100101001101101101
100010110101110011101101
010001101100001011101101
011001000111100111101101
101010011110011111101101
101111110000010000011101
011100101001101000011101
010100000010000100011101
100111011011111100011101
100010001011000010011101
010001010010111010011101
011001111001010110011101
101010100000101110011101
000110000111110001011101
110101011110001001011101
111101110101100101011101
001110101100011101011101
001011111100100011011101
111000100101011011011101
110000001110110111011101
000011010111001111011101
011000001100010000111101
101011010101101000111101
100011111110000100111101
010000100111111100111101
010101110111000010111101
100110101110111010111101
101110000101010110111101
011101011100101110111101
110001111011110001111101
000010100010001001111101
001010001001100101111101
111001010000011101111101
111100000000100011111101
001111011001011011111101
000111110010110111111101
110100101011001111111101
111111001110010000000011
001100010111101000000011
000100111100000100000011
110111100101111100000011
110010110101000010000011
000001101100111010000011
001001000111010110000011
111010011110101110000011
010110111001110001000011
100101100000001001000011
101101001011100101000011
011110010010011101000011
011011000010100011000011
101000011011011011000011
100000110000110111000011
010011101001001111000011
001000110010010000100011
111011101011101000100011
110011000000000100100011
000000011001111100100011
000101001001000010100011
110110010000111010100011
111110111011010110100011
001101100010101110100011
100001000101110001100011
010010011100001001100011
011010110111100101100011
101001101110011101100011
101100111110100011100011
011111100111011011100011
010111001100110111100011
100100010101001111100011
100001111011000000010011
010010100010111000010011
011010001001010100010011
101001010000101100010011
101100000000010010010011
011111011001101010010011
010111110010000110010011
100100101011111110010011
001000001100100001010011
111011010101011001010011
110011111110110101010011
000000100111001101010011
000101110111110011010011
110110101110001011010011
111110000101100111010011
001101011100011111010011
010110000111000000110011
100101011110111000110011
101101110101010100110011
011110101100101100110011
011011111100010010110011
101000100101101010110011
100000001110000110110011
010011010111111110110011
111111110000100001110011
001100101001011001110011
000100000010110101110011
110111011011001101110011
110010001011110011110011
000001010010001011110011
001001111001100111110011
111010100000011111110011
010000001111110000001011
100011010110001000001011
101011111101100100001011
011000100100011100001011
011101110100100010001011
101110101101011010001011
100110000110110110001011
010101011111001110001011
111001111000010001001011
001010100001101001001011
000010001010000101001011
110001010011111101001011
110100000011000011001011
000111011010111011001011
001111110001010111001011
111100101000101111001011
100111110011110000101011
010100101010001000101011
011100000001100100101011
101111011000011100101011
101010001000100010101011
011001010001011010101011
010001111010110110101011
100010100011001110101011
001110000100010001101011
111101011101101001101011
110101110110000101101011
000110101111111101101011
000011111111000011101011
110000100110111011101011
111000001101010111101011
001011010100101111101011
001110111010100000011011
111101100011011000011011
110101001000110100011011
000110010001001100011011
000011000001110010011011
110000011000001010011011
111000110011100110011011
001011101010011110011011
100111001101000001011011
010100010100111001011011
011100111111010101011011
101111100110101101011011
101010110110010011011011
011001101111101011011011
010001000100000111011011
100010011101111111011011
111001000110100000111011
001010011111011000111011
000010110100110100111011
110001101101001100111011
110100111101110010111011
000111100100001010111011
001111001111100110111011
111100010110011110111011
010000110001000001111011
100011101000111001111011
101011000011010101111011
011000011010101101111011
011101001010010011111011
101110010011101011111011
100110111000000111111011
010101100001111111111011
010101010000010000000111
100110001001101000000111
101110100010000100000111
011101111011111100000111
011000101011000010000111
101011110010111010000111
100011011001010110000111
010000000000101110000111
111100100111110001000111
001111111110001001000111
000111010101100101000111
110100001100011101000111
110001011100100011000111
000010000101011011000111
001010101110110111000111
111001110111001111000111
100010101100010000100111
010001110101101000100111
011001011110000100100111
101010000111111100100111
101111010111000010100111
011100001110111010100111
010100100101010110100111
100111111100101110100111
001011011011110001100111
111000000010001001100111
110000101001100101100111
000011110000011101100111
000110100000100011100111
110101111001011011100111
111101010010110111100111
001110001011001111100111
001011100101000000010111
111000111100111000010111
110000010111010100010111
000011001110101100010111
000110011110010010010111
110101000111101010010111
111101101100000110010111
001110110101111110010111
100010010010100001010111
010001001011011001010111
011001100000110101010111
101010111001001101010111
101111101001110011010111
011100110000001011010111
010100011011100111010111
100111000010011111010111
111100011001000000110111
001111000000111000110111
000111101011010100110111
110100110010101100110111
110001100010010010110111
000010111011101010110111
001010010000000110110111
111001001001111110110111
010101101110100001110111
100110110111011001110111
101110011100110101110111
011101000101001101110111
011000010101110011110111
101011001100001011110111
100011100111100111110111
010000111110011111110111
111010010001110000001111
001001001000001000001111
000001100011100100001111
110010111010011100001111
110111101010100010001111
000100110011011010001111
001100011000110110001111
111111000001001110001111
010011100110010001001111
100000111111101001001111
101000010100000101001111
011011001101111101001111
011110011101000011001111
101101000100111011001111
100101101111010111001111
010110110110101111001111
001101101101110000101111
111110110100001000101111
110110011111100100101111
000101000110011100101111
000000010110100010101111
110011001111011010101111
111011100100110110101111
001000111101001110101111
100100011010010001101111
010111000011101001101111
011111101000000101101111
101100110001111101101111
101001100001000011101111
011010111000111011101111
010010010011010111101111
100001001010101111101111
100100100100100000011111
010111111101011000011111
011111010110110100011111
101100001111001100011111
101001011111110010011111
011010000110001010011111
010010101101100110011111
100001110100011110011111
001101010011000001011111
111110001010111001011111
110110100001010101011111
000101111000101101011111
000000101000010011011111
110011110001101011011111
111011011010000111011111
001000000011111111011111
010011011000100000111111
100000000001011000111111
101000101010110100111111
011011110011001100111111
011110100011110010111111
101101111010001010111111
100101010001100110111111
010110001000011110111111
111010101111000001111111
001001110110111001111111
000001011101010101111111
110010000100101101111111
110111010100010011111111
000100001101101011111111
001100100110000111111111
111111111111111111111111
