0000000000000000
1100110011001100
1010101010101010
1111111111111111
0111100010001000
0110011001100110
0011001100110011
0101010101010101
1001110010100000
1100101010010000
1010100111000000
1011010001000100
1101001000100010
1000011101110111
1111111100000000
1101010000011000
1110001001001000
1011000100101000
1111000011110000
1001100110011001
0101000001101100
0011011000001010
0000011001011100
0110000000111010
0110010100001100
0000001101101010
0001111011101110
0000000011111111
0100111000101000
0001110101001000
0010010011101000
0010101111100111
0010101100011000
0001110110110111
0001001010111000
0100000111011000
0100111011010111
0000111100001111
0101011011000000
0011010110010000
0110110001010000
0110001101011111
0110001110100000
0011101001100000
0011010101101111
0101011000111111
0101100100110000
0100101110111011
0010110111011101
0011001111001100
0101010110101010
0001100011010100
0111111010110010
0010111010000100
0100100011100010
0111110111100100
0001101110000010
0011110000111100
0101101001011010
1010100100111111
1010011000110000
1100010101100000
1100101001101111
1001001110101111
1111101011000110
1001001101010000
1001110001011111
1100010110011111
1010110011110110
1100111110100110
1010011011001111
1100110000110011
1010101001010101
1000001011100100
1110010010000010
1101000110000100
1011011111100010
1110100000100100
1000111001000010
1110011100101011
1000000101001101
1110011111010100
1000000110110010
1101000101111011
1011011100011101
1101111001110100
1011100000010010
1000110100010100
1110101101110010
1000001000011011
1110010001111101
1100001111000011
1010010110100101
1000011110001000
1001101000001100
1111110001101010
1111100101011100
1001111100111010
1010000010011100
1100011011111010
1010111110010011
1100100111110101
1010111101101100
1100100100001010
1111011010101100
1001000011001010
1111100110100011
1001111111000101
1001101011110011
1111110010010101
1001010111111100
1111001110011010
1000100001111000
1110000100010001
1001100101100110
1011111011011000
1011000111010111
1110001010110111
1110110110111000
1101101100010111
1011001001111110
1101101111101000
1101010011100111
1000010000101110
1110110101000111
1011111000100111
1101011101001110
1001011010010110
0111100001110111
0110010111110011
0000001110010101
0110101011111100
0000110010011010
0000100110101100
0110111111001010
0000011010100011
0110000011000101
0101111101100011
0011100100000101
0101111110011100
0011100111111010
0101000010010011
0011011011110101
0000100101010011
0110111100110101
0110101000000011
0000110001100101
0111011110000111
0000111111110000
0110011010011001
0100000100100111
0010100001001110
0111101100101110
0001001001000111
0100001010001110
0100110110000001
0010010000010111
0100110101111110
0111101111010001
0111010011011110
0010011110111110
0010100010110001
0110100101101001
0100101101000100
0010110100100010
0011000010100110
0101100111001111
0011101010011111
0101001111110110
0000101000110110
0000010100111001
0110110010101111
0000010111000110
0101110000000110
0101001100001001
0011000001011001
0011111101010110
0100010010110100
0010001011010010
0111001000010100
0001010001110010
0111110100011011
0001101101111101
0010111001111011
0100100000011101
0010000101110100
0100011100010010
0001011111011011
0111000110111101
0001011100100100
0111000101000010
0001100000101011
0111111001001101
0010000110001011
0100011111101101
0111001011101011
0001010010001101
1011010010111011
1101001011011101
1100111101011001
1100000001010110
1010001100000110
1010110000001001
1111010111001001
1111010100110110
1111101000111001
1010001111111001
1100000010101001
1011101101001011
1101110100101101
1100001100111100
1010010101011010
1000110111101011
1110101110001101
1101111010001011
1011100011101101
1110100011011011
1000111010111101
1110000111101110
1001010100000011
1111001101100101
1111011001010011
1001000000110101
1010000001100011
1100011000000101
1110111000011110
1111000000001111
1101100010111110
1101011110110001
1000010011010001
1000101111011110
1011110101110001
1011110110001110
1011001010000001
1000101100100001
1101100001000001
0111011101111000
0001111000010001
0001000111100001
0110100110010110
0010011101000001
0111010000100001
0100001001110001
0011111110101001
0101110011111001
0000101011001001
0011110011000011
0101101010100101
1011101110110100
1101110111010010
1000100010000111
1001011001101001
0001000100011110
0100010001001011
0010001000101101
1110111011100001
