0000000000000000
1100100000000001
0110010000000001
1010110000000000
0011001000000001
1111101000000000
0101011000000000
1001111000000001
0001100100000001
1101000100000000
0111110100000000
1011010100000001
0010101100000000
1110001100000001
0100111100000001
1000011100000000
0000110010000001
1100010010000000
0110100010000000
1010000010000001
0011111010000000
1111011010000001
0101101010000001
1001001010000000
0001010110000000
1101110110000001
0111000110000001
1011100110000000
0010011110000001
1110111110000000
0100001110000000
1000101110000001
0000011001000001
1100111001000000
0110001001000000
1010101001000001
0011010001000000
1111110001000001
0101000001000001
1001100001000000
0001111101000000
1101011101000001
0111101101000001
1011001101000000
0010110101000001
1110010101000000
0100100101000000
1000000101000001
0000101011000000
1100001011000001
0110111011000001
1010011011000000
0011100011000001
1111000011000000
0101110011000000
1001010011000001
0001001111000001
1101101111000000
0111011111000000
1011111111000001
0010000111000000
1110100111000001
0100010111000001
1000110111000000
0000001100100001
1100101100100000
0110011100100000
1010111100100001
0011000100100000
1111100100100001
0101010100100001
1001110100100000
0001101000100000
1101001000100001
0111111000100001
1011011000100000
0010100000100001
1110000000100000
0100110000100000
1000010000100001
0000111110100000
1100011110100001
0110101110100001
1010001110100000
0011110110100001
1111010110100000
0101100110100000
1001000110100001
0001011010100001
1101111010100000
0111001010100000
1011101010100001
0010010010100000
1110110010100001
0100000010100001
1000100010100000
0000010101100000
1100110101100001
0110000101100001
1010100101100000
0011011101100001
1111111101100000
0101001101100000
1001101101100001
0001110001100001
1101010001100000
0111100001100000
1011000001100001
0010111001100000
1110011001100001
0100101001100001
1000001001100000
0000100111100001
1100000111100000
0110110111100000
1010010111100001
0011101111100000
1111001111100001
0101111111100001
1001011111100000
0001000011100000
1101100011100001
0111010011100001
1011110011100000
0010001011100001
1110101011100000
0100011011100000
1000111011100001
0000000110010001
1100100110010000
0110010110010000
1010110110010001
0011001110010000
1111101110010001
0101011110010001
1001111110010000
0001100010010000
1101000010010001
0111110010010001
1011010010010000
0010101010010001
1110001010010000
0100111010010000
1000011010010001
0000110100010000
1100010100010001
0110100100010001
1010000100010000
0011111100010001
1111011100010000
0101101100010000
1001001100010001
0001010000010001
1101110000010000
0111000000010000
1011100000010001
0010011000010000
1110111000010001
0100001000010001
1000101000010000
0000011111010000
1100111111010001
0110001111010001
1010101111010000
0011010111010001
1111110111010000
0101000111010000
1001100111010001
0001111011010001
1101011011010000
0111101011010000
1011001011010001
0010110011010000
1110010011010001
0100100011010001
1000000011010000
0000101101010001
1100001101010000
0110111101010000
1010011101010001
0011100101010000
1111000101010001
0101110101010001
1001010101010000
0001001001010000
1101101001010001
0111011001010001
1011111001010000
0010000001010001
1110100001010000
0100010001010000
1000110001010001
0000001010110000
1100101010110001
0110011010110001
1010111010110000
0011000010110001
1111100010110000
0101010010110000
1001110010110001
0001101110110001
1101001110110000
0111111110110000
1011011110110001
0010100110110000
1110000110110001
0100110110110001
1000010110110000
0000111000110001
1100011000110000
0110101000110000
1010001000110001
0011110000110000
1111010000110001
0101100000110001
1001000000110000
0001011100110000
1101111100110001
0111001100110001
1011101100110000
0010010100110001
1110110100110000
0100000100110000
1000100100110001
0000010011110001
1100110011110000
0110000011110000
1010100011110001
0011011011110000
1111111011110001
0101001011110001
1001101011110000
0001110111110000
1101010111110001
0111100111110001
1011000111110000
0010111111110001
1110011111110000
0100101111110000
1000001111110001
0000100001110000
1100000001110001
0110110001110001
1010010001110000
0011101001110001
1111001001110000
0101111001110000
1001011001110001
0001000101110001
1101100101110000
0111010101110000
1011110101110001
0010001101110000
1110101101110001
0100011101110001
1000111101110000
0000000011001001
1100100011001000
0110010011001000
1010110011001001
0011001011001000
1111101011001001
0101011011001001
1001111011001000
0001100111001000
1101000111001001
0111110111001001
1011010111001000
0010101111001001
1110001111001000
0100111111001000
1000011111001001
0000110001001000
1100010001001001
0110100001001001
1010000001001000
0011111001001001
1111011001001000
0101101001001000
1001001001001001
0001010101001001
1101110101001000
0111000101001000
1011100101001001
0010011101001000
1110111101001001
0100001101001001
1000101101001000
0000011010001000
1100111010001001
0110001010001001
1010101010001000
0011010010001001
1111110010001000
0101000010001000
1001100010001001
0001111110001001
1101011110001000
0111101110001000
1011001110001001
0010110110001000
1110010110001001
0100100110001001
1000000110001000
0000101000001001
1100001000001000
0110111000001000
1010011000001001
0011100000001000
1111000000001001
0101110000001001
1001010000001000
0001001100001000
1101101100001001
0111011100001001
1011111100001000
0010000100001001
1110100100001000
0100010100001000
1000110100001001
0000001111101000
1100101111101001
0110011111101001
1010111111101000
0011000111101001
1111100111101000
0101010111101000
1001110111101001
0001101011101001
1101001011101000
0111111011101000
1011011011101001
0010100011101000
1110000011101001
0100110011101001
1000010011101000
0000111101101001
1100011101101000
0110101101101000
1010001101101001
0011110101101000
1111010101101001
0101100101101001
1001000101101000
0001011001101000
1101111001101001
0111001001101001
1011101001101000
0010010001101001
1110110001101000
0100000001101000
1000100001101001
0000010110101001
1100110110101000
0110000110101000
1010100110101001
0011011110101000
1111111110101001
0101001110101001
1001101110101000
0001110010101000
1101010010101001
0111100010101001
1011000010101000
0010111010101001
1110011010101000
0100101010101000
1000001010101001
0000100100101000
1100000100101001
0110110100101001
1010010100101000
0011101100101001
1111001100101000
0101111100101000
1001011100101001
0001000000101001
1101100000101000
0111010000101000
1011110000101001
0010001000101000
1110101000101001
0100011000101001
1000111000101000
0000000101011000
1100100101011001
0110010101011001
1010110101011000
0011001101011001
1111101101011000
0101011101011000
1001111101011001
0001100001011001
1101000001011000
0111110001011000
1011010001011001
0010101001011000
1110001001011001
0100111001011001
1000011001011000
0000110111011001
1100010111011000
0110100111011000
1010000111011001
0011111111011000
1111011111011001
0101101111011001
1001001111011000
0001010011011000
1101110011011001
0111000011011001
1011100011011000
0010011011011001
1110111011011000
0100001011011000
1000101011011001
0000011100011001
1100111100011000
0110001100011000
1010101100011001
0011010100011000
1111110100011001
0101000100011001
1001100100011000
0001111000011000
1101011000011001
0111101000011001
1011001000011000
0010110000011001
1110010000011000
0100100000011000
1000000000011001
0000101110011000
1100001110011001
0110111110011001
1010011110011000
0011100110011001
1111000110011000
0101110110011000
1001010110011001
0001001010011001
1101101010011000
0111011010011000
1011111010011001
0010000010011000
1110100010011001
0100010010011001
1000110010011000
0000001001111001
1100101001111000
0110011001111000
1010111001111001
0011000001111000
1111100001111001
0101010001111001
1001110001111000
0001101101111000
1101001101111001
0111111101111001
1011011101111000
0010100101111001
1110000101111000
0100110101111000
1000010101111001
0000111011111000
1100011011111001
0110101011111001
1010001011111000
0011110011111001
1111010011111000
0101100011111000
1001000011111001
0001011111111001
1101111111111000
0111001111111000
1011101111111001
0010010111111000
1110110111111001
0100000111111001
1000100111111000
0000010000111000
1100110000111001
0110000000111001
1010100000111000
0011011000111001
1111111000111000
0101001000111000
1001101000111001
0001110100111001
1101010100111000
0111100100111000
1011000100111001
0010111100111000
1110011100111001
0100101100111001
1000001100111000
0000100010111001
1100000010111000
0110110010111000
1010010010111001
0011101010111000
1111001010111001
0101111010111001
1001011010111000
0001000110111000
1101100110111001
0111010110111001
1011110110111000
0010001110111001
1110101110111000
0100011110111000
1000111110111001
0000000001100101
1100100001100100
0110010001100100
1010110001100101
0011001001100100
1111101001100101
0101011001100101
1001111001100100
0001100101100100
1101000101100101
0111110101100101
1011010101100100
0010101101100101
1110001101100100
0100111101100100
1000011101100101
0000110011100100
1100010011100101
0110100011100101
1010000011100100
0011111011100101
1111011011100100
0101101011100100
1001001011100101
0001010111100101
1101110111100100
0111000111100100
1011100111100101
0010011111100100
1110111111100101
0100001111100101
1000101111100100
0000011000100100
1100111000100101
0110001000100101
1010101000100100
0011010000100101
1111110000100100
0101000000100100
1001100000100101
0001111100100101
1101011100100100
0111101100100100
1011001100100101
0010110100100100
1110010100100101
0100100100100101
1000000100100100
0000101010100101
1100001010100100
0110111010100100
1010011010100101
0011100010100100
1111000010100101
0101110010100101
1001010010100100
0001001110100100
1101101110100101
0111011110100101
1011111110100100
0010000110100101
1110100110100100
0100010110100100
1000110110100101
0000001101000100
1100101101000101
0110011101000101
1010111101000100
0011000101000101
1111100101000100
0101010101000100
1001110101000101
0001101001000101
1101001001000100
0111111001000100
1011011001000101
0010100001000100
1110000001000101
0100110001000101
1000010001000100
0000111111000101
1100011111000100
0110101111000100
1010001111000101
0011110111000100
1111010111000101
0101100111000101
1001000111000100
0001011011000100
1101111011000101
0111001011000101
1011101011000100
0010010011000101
1110110011000100
0100000011000100
1000100011000101
0000010100000101
1100110100000100
0110000100000100
1010100100000101
0011011100000100
1111111100000101
0101001100000101
1001101100000100
0001110000000100
1101010000000101
0111100000000101
1011000000000100
0010111000000101
1110011000000100
0100101000000100
1000001000000101
0000100110000100
1100000110000101
0110110110000101
1010010110000100
0011101110000101
1111001110000100
0101111110000100
1001011110000101
0001000010000101
1101100010000100
0111010010000100
1011110010000101
0010001010000100
1110101010000101
0100011010000101
1000111010000100
0000000111110100
1100100111110101
0110010111110101
1010110111110100
0011001111110101
1111101111110100
0101011111110100
1001111111110101
0001100011110101
1101000011110100
0111110011110100
1011010011110101
0010101011110100
1110001011110101
0100111011110101
1000011011110100
0000110101110101
1100010101110100
0110100101110100
1010000101110101
0011111101110100
1111011101110101
0101101101110101
1001001101110100
0001010001110100
1101110001110101
0111000001110101
1011100001110100
0010011001110101
1110111001110100
0100001001110100
1000101001110101
0000011110110101
1100111110110100
0110001110110100
1010101110110101
0011010110110100
1111110110110101
0101000110110101
1001100110110100
0001111010110100
1101011010110101
0111101010110101
1011001010110100
0010110010110101
1110010010110100
0100100010110100
1000000010110101
0000101100110100
1100001100110101
0110111100110101
1010011100110100
0011100100110101
1111000100110100
0101110100110100
1001010100110101
0001001000110101
1101101000110100
0111011000110100
1011111000110101
0010000000110100
1110100000110101
0100010000110101
1000110000110100
0000001011010101
1100101011010100
0110011011010100
1010111011010101
0011000011010100
1111100011010101
0101010011010101
1001110011010100
0001101111010100
1101001111010101
0111111111010101
1011011111010100
0010100111010101
1110000111010100
0100110111010100
1000010111010101
0000111001010100
1100011001010101
0110101001010101
1010001001010100
0011110001010101
1111010001010100
0101100001010100
1001000001010101
0001011101010101
1101111101010100
0111001101010100
1011101101010101
0010010101010100
1110110101010101
0100000101010101
1000100101010100
0000010010010100
1100110010010101
0110000010010101
1010100010010100
0011011010010101
1111111010010100
0101001010010100
1001101010010101
0001110110010101
1101010110010100
0111100110010100
1011000110010101
0010111110010100
1110011110010101
0100101110010101
1000001110010100
0000100000010101
1100000000010100
0110110000010100
1010010000010101
0011101000010100
1111001000010101
0101111000010101
1001011000010100
0001000100010100
1101100100010101
0111010100010101
1011110100010100
0010001100010101
1110101100010100
0100011100010100
1000111100010101
0000000010101100
1100100010101101
0110010010101101
1010110010101100
0011001010101101
1111101010101100
0101011010101100
1001111010101101
0001100110101101
1101000110101100
0111110110101100
1011010110101101
0010101110101100
1110001110101101
0100111110101101
1000011110101100
0000110000101101
1100010000101100
0110100000101100
1010000000101101
0011111000101100
1111011000101101
0101101000101101
1001001000101100
0001010100101100
1101110100101101
0111000100101101
1011100100101100
0010011100101101
1110111100101100
0100001100101100
1000101100101101
0000011011101101
1100111011101100
0110001011101100
1010101011101101
0011010011101100
1111110011101101
0101000011101101
1001100011101100
0001111111101100
1101011111101101
0111101111101101
1011001111101100
0010110111101101
1110010111101100
0100100111101100
1000000111101101
0000101001101100
1100001001101101
0110111001101101
1010011001101100
0011100001101101
1111000001101100
0101110001101100
1001010001101101
0001001101101101
1101101101101100
0111011101101100
1011111101101101
0010000101101100
1110100101101101
0100010101101101
1000110101101100
0000001110001101
1100101110001100
0110011110001100
1010111110001101
0011000110001100
1111100110001101
0101010110001101
1001110110001100
0001101010001100
1101001010001101
0111111010001101
1011011010001100
0010100010001101
1110000010001100
0100110010001100
1000010010001101
0000111100001100
1100011100001101
0110101100001101
1010001100001100
0011110100001101
1111010100001100
0101100100001100
1001000100001101
0001011000001101
1101111000001100
0111001000001100
1011101000001101
0010010000001100
1110110000001101
0100000000001101
1000100000001100
0000010111001100
1100110111001101
0110000111001101
1010100111001100
0011011111001101
1111111111001100
0101001111001100
1001101111001101
0001110011001101
1101010011001100
0111100011001100
1011000011001101
0010111011001100
1110011011001101
0100101011001101
1000001011001100
0000100101001101
1100000101001100
0110110101001100
1010010101001101
0011101101001100
1111001101001101
0101111101001101
1001011101001100
0001000001001100
1101100001001101
0111010001001101
1011110001001100
0010001001001101
1110101001001100
0100011001001100
1000111001001101
0000000100111101
1100100100111100
0110010100111100
1010110100111101
0011001100111100
1111101100111101
0101011100111101
1001111100111100
0001100000111100
1101000000111101
0111110000111101
1011010000111100
0010101000111101
1110001000111100
0100111000111100
1000011000111101
0000110110111100
1100010110111101
0110100110111101
1010000110111100
0011111110111101
1111011110111100
0101101110111100
1001001110111101
0001010010111101
1101110010111100
0111000010111100
1011100010111101
0010011010111100
1110111010111101
0100001010111101
1000101010111100
0000011101111100
1100111101111101
0110001101111101
1010101101111100
0011010101111101
1111110101111100
0101000101111100
1001100101111101
0001111001111101
1101011001111100
0111101001111100
1011001001111101
0010110001111100
1110010001111101
0100100001111101
1000000001111100
0000101111111101
1100001111111100
0110111111111100
1010011111111101
0011100111111100
1111000111111101
0101110111111101
1001010111111100
0001001011111100
1101101011111101
0111011011111101
1011111011111100
0010000011111101
1110100011111100
0100010011111100
1000110011111101
0000001000011100
1100101000011101
0110011000011101
1010111000011100
0011000000011101
1111100000011100
0101010000011100
1001110000011101
0001101100011101
1101001100011100
0111111100011100
1011011100011101
0010100100011100
1110000100011101
0100110100011101
1000010100011100
0000111010011101
1100011010011100
0110101010011100
1010001010011101
0011110010011100
1111010010011101
0101100010011101
1001000010011100
0001011110011100
1101111110011101
0111001110011101
1011101110011100
0010010110011101
1110110110011100
0100000110011100
1000100110011101
0000010001011101
1100110001011100
0110000001011100
1010100001011101
0011011001011100
1111111001011101
0101001001011101
1001101001011100
0001110101011100
1101010101011101
0111100101011101
1011000101011100
0010111101011101
1110011101011100
0100101101011100
1000001101011101
0000100011011100
1100000011011101
0110110011011101
1010010011011100
0011101011011101
1111001011011100
0101111011011100
1001011011011101
0001000111011101
1101100111011100
0111010111011100
1011110111011101
0010001111011100
1110101111011101
0100011111011101
1000111111011100
0000000000110011
1100100000110010
0110010000110010
1010110000110011
0011001000110010
1111101000110011
0101011000110011
1001111000110010
0001100100110010
1101000100110011
0111110100110011
1011010100110010
0010101100110011
1110001100110010
0100111100110010
1000011100110011
0000110010110010
1100010010110011
0110100010110011
1010000010110010
0011111010110011
1111011010110010
0101101010110010
1001001010110011
0001010110110011
1101110110110010
0111000110110010
1011100110110011
0010011110110010
1110111110110011
0100001110110011
1000101110110010
0000011001110010
1100111001110011
0110001001110011
1010101001110010
0011010001110011
1111110001110010
0101000001110010
1001100001110011
0001111101110011
1101011101110010
0111101101110010
1011001101110011
0010110101110010
1110010101110011
0100100101110011
1000000101110010
0000101011110011
1100001011110010
0110111011110010
1010011011110011
0011100011110010
1111000011110011
0101110011110011
1001010011110010
0001001111110010
1101101111110011
0111011111110011
1011111111110010
0010000111110011
1110100111110010
0100010111110010
1000110111110011
0000001100010010
1100101100010011
0110011100010011
1010111100010010
0011000100010011
1111100100010010
0101010100010010
1001110100010011
0001101000010011
1101001000010010
0111111000010010
1011011000010011
0010100000010010
1110000000010011
0100110000010011
1000010000010010
0000111110010011
1100011110010010
0110101110010010
1010001110010011
0011110110010010
1111010110010011
0101100110010011
1001000110010010
0001011010010010
1101111010010011
0111001010010011
1011101010010010
0010010010010011
1110110010010010
0100000010010010
1000100010010011
0000010101010011
1100110101010010
0110000101010010
1010100101010011
0011011101010010
1111111101010011
0101001101010011
1001101101010010
0001110001010010
1101010001010011
0111100001010011
1011000001010010
0010111001010011
1110011001010010
0100101001010010
1000001001010011
0000100111010010
1100000111010011
0110110111010011
1010010111010010
0011101111010011
1111001111010010
0101111111010010
1001011111010011
0001000011010011
1101100011010010
0111010011010010
1011110011010011
0010001011010010
1110101011010011
0100011011010011
1000111011010010
0000000110100010
1100100110100011
0110010110100011
1010110110100010
0011001110100011
1111101110100010
0101011110100010
1001111110100011
0001100010100011
1101000010100010
0111110010100010
1011010010100011
0010101010100010
1110001010100011
0100111010100011
1000011010100010
0000110100100011
1100010100100010
0110100100100010
1010000100100011
0011111100100010
1111011100100011
0101101100100011
1001001100100010
0001010000100010
1101110000100011
0111000000100011
1011100000100010
0010011000100011
1110111000100010
0100001000100010
1000101000100011
0000011111100011
1100111111100010
0110001111100010
1010101111100011
0011010111100010
1111110111100011
0101000111100011
1001100111100010
0001111011100010
1101011011100011
0111101011100011
1011001011100010
0010110011100011
1110010011100010
0100100011100010
1000000011100011
0000101101100010
1100001101100011
0110111101100011
1010011101100010
0011100101100011
1111000101100010
0101110101100010
1001010101100011
0001001001100011
1101101001100010
0111011001100010
1011111001100011
0010000001100010
1110100001100011
0100010001100011
1000110001100010
0000001010000011
1100101010000010
0110011010000010
1010111010000011
0011000010000010
1111100010000011
0101010010000011
1001110010000010
0001101110000010
1101001110000011
0111111110000011
1011011110000010
0010100110000011
1110000110000010
0100110110000010
1000010110000011
0000111000000010
1100011000000011
0110101000000011
1010001000000010
0011110000000011
1111010000000010
0101100000000010
1001000000000011
0001011100000011
1101111100000010
0111001100000010
1011101100000011
0010010100000010
1110110100000011
0100000100000011
1000100100000010
0000010011000010
1100110011000011
0110000011000011
1010100011000010
0011011011000011
1111111011000010
0101001011000010
1001101011000011
0001110111000011
1101010111000010
0111100111000010
1011000111000011
0010111111000010
1110011111000011
0100101111000011
1000001111000010
0000100001000011
1100000001000010
0110110001000010
1010010001000011
0011101001000010
1111001001000011
0101111001000011
1001011001000010
0001000101000010
1101100101000011
0111010101000011
1011110101000010
0010001101000011
1110101101000010
0100011101000010
1000111101000011
0000000011111010
1100100011111011
0110010011111011
1010110011111010
0011001011111011
1111101011111010
0101011011111010
1001111011111011
0001100111111011
1101000111111010
0111110111111010
1011010111111011
0010101111111010
1110001111111011
0100111111111011
1000011111111010
0000110001111011
1100010001111010
0110100001111010
1010000001111011
0011111001111010
1111011001111011
0101101001111011
1001001001111010
0001010101111010
1101110101111011
0111000101111011
1011100101111010
0010011101111011
1110111101111010
0100001101111010
1000101101111011
0000011010111011
1100111010111010
0110001010111010
1010101010111011
0011010010111010
1111110010111011
0101000010111011
1001100010111010
0001111110111010
1101011110111011
0111101110111011
1011001110111010
0010110110111011
1110010110111010
0100100110111010
1000000110111011
0000101000111010
1100001000111011
0110111000111011
1010011000111010
0011100000111011
1111000000111010
0101110000111010
1001010000111011
0001001100111011
1101101100111010
0111011100111010
1011111100111011
0010000100111010
1110100100111011
0100010100111011
1000110100111010
0000001111011011
1100101111011010
0110011111011010
1010111111011011
0011000111011010
1111100111011011
0101010111011011
1001110111011010
0001101011011010
1101001011011011
0111111011011011
1011011011011010
0010100011011011
1110000011011010
0100110011011010
1000010011011011
0000111101011010
1100011101011011
0110101101011011
1010001101011010
0011110101011011
1111010101011010
0101100101011010
1001000101011011
0001011001011011
1101111001011010
0111001001011010
1011101001011011
0010010001011010
1110110001011011
0100000001011011
1000100001011010
0000010110011010
1100110110011011
0110000110011011
1010100110011010
0011011110011011
1111111110011010
0101001110011010
1001101110011011
0001110010011011
1101010010011010
0111100010011010
1011000010011011
0010111010011010
1110011010011011
0100101010011011
1000001010011010
0000100100011011
1100000100011010
0110110100011010
1010010100011011
0011101100011010
1111001100011011
0101111100011011
1001011100011010
0001000000011010
1101100000011011
0111010000011011
1011110000011010
0010001000011011
1110101000011010
0100011000011010
1000111000011011
0000000101101011
1100100101101010
0110010101101010
1010110101101011
0011001101101010
1111101101101011
0101011101101011
1001111101101010
0001100001101010
1101000001101011
0111110001101011
1011010001101010
0010101001101011
1110001001101010
0100111001101010
1000011001101011
0000110111101010
1100010111101011
0110100111101011
1010000111101010
0011111111101011
1111011111101010
0101101111101010
1001001111101011
0001010011101011
1101110011101010
0111000011101010
1011100011101011
0010011011101010
1110111011101011
0100001011101011
1000101011101010
0000011100101010
1100111100101011
0110001100101011
1010101100101010
0011010100101011
1111110100101010
0101000100101010
1001100100101011
0001111000101011
1101011000101010
0111101000101010
1011001000101011
0010110000101010
1110010000101011
0100100000101011
1000000000101010
0000101110101011
1100001110101010
0110111110101010
1010011110101011
0011100110101010
1111000110101011
0101110110101011
1001010110101010
0001001010101010
1101101010101011
0111011010101011
1011111010101010
0010000010101011
1110100010101010
0100010010101010
1000110010101011
0000001001001010
1100101001001011
0110011001001011
1010111001001010
0011000001001011
1111100001001010
0101010001001010
1001110001001011
0001101101001011
1101001101001010
0111111101001010
1011011101001011
0010100101001010
1110000101001011
0100110101001011
1000010101001010
0000111011001011
1100011011001010
0110101011001010
1010001011001011
0011110011001010
1111010011001011
0101100011001011
1001000011001010
0001011111001010
1101111111001011
0111001111001011
1011101111001010
0010010111001011
1110110111001010
0100000111001010
1000100111001011
0000010000001011
1100110000001010
0110000000001010
1010100000001011
0011011000001010
1111111000001011
0101001000001011
1001101000001010
0001110100001010
1101010100001011
0111100100001011
1011000100001010
0010111100001011
1110011100001010
0100101100001010
1000001100001011
0000100010001010
1100000010001011
0110110010001011
1010010010001010
0011101010001011
1111001010001010
0101111010001010
1001011010001011
0001000110001011
1101100110001010
0111010110001010
1011110110001011
0010001110001010
1110101110001011
0100011110001011
1000111110001010
0000000001010110
1100100001010111
0110010001010111
1010110001010110
0011001001010111
1111101001010110
0101011001010110
1001111001010111
0001100101010111
1101000101010110
0111110101010110
1011010101010111
0010101101010110
1110001101010111
0100111101010111
1000011101010110
0000110011010111
1100010011010110
0110100011010110
1010000011010111
0011111011010110
1111011011010111
0101101011010111
1001001011010110
0001010111010110
1101110111010111
0111000111010111
1011100111010110
0010011111010111
1110111111010110
0100001111010110
1000101111010111
0000011000010111
1100111000010110
0110001000010110
1010101000010111
0011010000010110
1111110000010111
0101000000010111
1001100000010110
0001111100010110
1101011100010111
0111101100010111
1011001100010110
0010110100010111
1110010100010110
0100100100010110
1000000100010111
0000101010010110
1100001010010111
0110111010010111
1010011010010110
0011100010010111
1111000010010110
0101110010010110
1001010010010111
0001001110010111
1101101110010110
0111011110010110
1011111110010111
0010000110010110
1110100110010111
0100010110010111
1000110110010110
0000001101110111
1100101101110110
0110011101110110
1010111101110111
0011000101110110
1111100101110111
0101010101110111
1001110101110110
0001101001110110
1101001001110111
0111111001110111
1011011001110110
0010100001110111
1110000001110110
0100110001110110
1000010001110111
0000111111110110
1100011111110111
0110101111110111
1010001111110110
0011110111110111
1111010111110110
0101100111110110
1001000111110111
0001011011110111
1101111011110110
0111001011110110
1011101011110111
0010010011110110
1110110011110111
0100000011110111
1000100011110110
0000010100110110
1100110100110111
0110000100110111
1010100100110110
0011011100110111
1111111100110110
0101001100110110
1001101100110111
0001110000110111
1101010000110110
0111100000110110
1011000000110111
0010111000110110
1110011000110111
0100101000110111
1000001000110110
0000100110110111
1100000110110110
0110110110110110
1010010110110111
0011101110110110
1111001110110111
0101111110110111
1001011110110110
0001000010110110
1101100010110111
0111010010110111
1011110010110110
0010001010110111
1110101010110110
0100011010110110
1000111010110111
0000000111000111
1100100111000110
0110010111000110
1010110111000111
0011001111000110
1111101111000111
0101011111000111
1001111111000110
0001100011000110
1101000011000111
0111110011000111
1011010011000110
0010101011000111
1110001011000110
0100111011000110
1000011011000111
0000110101000110
1100010101000111
0110100101000111
1010000101000110
0011111101000111
1111011101000110
0101101101000110
1001001101000111
0001010001000111
1101110001000110
0111000001000110
1011100001000111
0010011001000110
1110111001000111
0100001001000111
1000101001000110
0000011110000110
1100111110000111
0110001110000111
1010101110000110
0011010110000111
1111110110000110
0101000110000110
1001100110000111
0001111010000111
1101011010000110
0111101010000110
1011001010000111
0010110010000110
1110010010000111
0100100010000111
1000000010000110
0000101100000111
1100001100000110
0110111100000110
1010011100000111
0011100100000110
1111000100000111
0101110100000111
1001010100000110
0001001000000110
1101101000000111
0111011000000111
1011111000000110
0010000000000111
1110100000000110
0100010000000110
1000110000000111
0000001011100110
1100101011100111
0110011011100111
1010111011100110
0011000011100111
1111100011100110
0101010011100110
1001110011100111
0001101111100111
1101001111100110
0111111111100110
1011011111100111
0010100111100110
1110000111100111
0100110111100111
1000010111100110
0000111001100111
1100011001100110
0110101001100110
1010001001100111
0011110001100110
1111010001100111
0101100001100111
1001000001100110
0001011101100110
1101111101100111
0111001101100111
1011101101100110
0010010101100111
1110110101100110
0100000101100110
1000100101100111
0000010010100111
1100110010100110
0110000010100110
1010100010100111
0011011010100110
1111111010100111
0101001010100111
1001101010100110
0001110110100110
1101010110100111
0111100110100111
1011000110100110
0010111110100111
1110011110100110
0100101110100110
1000001110100111
0000100000100110
1100000000100111
0110110000100111
1010010000100110
0011101000100111
1111001000100110
0101111000100110
1001011000100111
0001000100100111
1101100100100110
0111010100100110
1011110100100111
0010001100100110
1110101100100111
0100011100100111
1000111100100110
0000000010011111
1100100010011110
0110010010011110
1010110010011111
0011001010011110
1111101010011111
0101011010011111
1001111010011110
0001100110011110
1101000110011111
0111110110011111
1011010110011110
0010101110011111
1110001110011110
0100111110011110
1000011110011111
0000110000011110
1100010000011111
0110100000011111
1010000000011110
0011111000011111
1111011000011110
0101101000011110
1001001000011111
0001010100011111
1101110100011110
0111000100011110
1011100100011111
0010011100011110
1110111100011111
0100001100011111
1000101100011110
0000011011011110
1100111011011111
0110001011011111
1010101011011110
0011010011011111
1111110011011110
0101000011011110
1001100011011111
0001111111011111
1101011111011110
0111101111011110
1011001111011111
0010110111011110
1110010111011111
0100100111011111
1000000111011110
0000101001011111
1100001001011110
0110111001011110
1010011001011111
0011100001011110
1111000001011111
0101110001011111
1001010001011110
0001001101011110
1101101101011111
0111011101011111
1011111101011110
0010000101011111
1110100101011110
0100010101011110
1000110101011111
0000001110111110
1100101110111111
0110011110111111
1010111110111110
0011000110111111
1111100110111110
0101010110111110
1001110110111111
0001101010111111
1101001010111110
0111111010111110
1011011010111111
0010100010111110
1110000010111111
0100110010111111
1000010010111110
0000111100111111
1100011100111110
0110101100111110
1010001100111111
0011110100111110
1111010100111111
0101100100111111
1001000100111110
0001011000111110
1101111000111111
0111001000111111
1011101000111110
0010010000111111
1110110000111110
0100000000111110
1000100000111111
0000010111111111
1100110111111110
0110000111111110
1010100111111111
0011011111111110
1111111111111111
0101001111111111
1001101111111110
0001110011111110
1101010011111111
0111100011111111
1011000011111110
0010111011111111
1110011011111110
0100101011111110
1000001011111111
0000100101111110
1100000101111111
0110110101111111
1010010101111110
0011101101111111
1111001101111110
0101111101111110
1001011101111111
0001000001111111
1101100001111110
0111010001111110
1011110001111111
0010001001111110
1110101001111111
0100011001111111
1000111001111110
0000000100001110
1100100100001111
0110010100001111
1010110100001110
0011001100001111
1111101100001110
0101011100001110
1001111100001111
0001100000001111
1101000000001110
0111110000001110
1011010000001111
0010101000001110
1110001000001111
0100111000001111
1000011000001110
0000110110001111
1100010110001110
0110100110001110
1010000110001111
0011111110001110
1111011110001111
0101101110001111
1001001110001110
0001010010001110
1101110010001111
0111000010001111
1011100010001110
0010011010001111
1110111010001110
0100001010001110
1000101010001111
0000011101001111
1100111101001110
0110001101001110
1010101101001111
0011010101001110
1111110101001111
0101000101001111
1001100101001110
0001111001001110
1101011001001111
0111101001001111
1011001001001110
0010110001001111
1110010001001110
0100100001001110
1000000001001111
0000101111001110
1100001111001111
0110111111001111
1010011111001110
0011100111001111
1111000111001110
0101110111001110
1001010111001111
0001001011001111
1101101011001110
0111011011001110
1011111011001111
0010000011001110
1110100011001111
0100010011001111
1000110011001110
0000001000101111
1100101000101110
0110011000101110
1010111000101111
0011000000101110
1111100000101111
0101010000101111
1001110000101110
0001101100101110
1101001100101111
0111111100101111
1011011100101110
0010100100101111
1110000100101110
0100110100101110
1000010100101111
0000111010101110
1100011010101111
0110101010101111
1010001010101110
0011110010101111
1111010010101110
0101100010101110
1001000010101111
0001011110101111
1101111110101110
0111001110101110
1011101110101111
0010010110101110
1110110110101111
0100000110101111
1000100110101110
0000010001101110
1100110001101111
0110000001101111
1010100001101110
0011011001101111
1111111001101110
0101001001101110
1001101001101111
0001110101101111
1101010101101110
0111100101101110
1011000101101111
0010111101101110
1110011101101111
0100101101101111
1000001101101110
0000100011101111
1100000011101110
0110110011101110
1010010011101111
0011101011101110
1111001011101111
0101111011101111
1001011011101110
0001000111101110
1101100111101111
0111010111101111
1011110111101110
0010001111101111
1110101111101110
0100011111101110
1000111111101111
