00000000000000000000000000000000
11100111000101001100100000000001
01110011100010100110010000000001
10010100100111101010110000000000
00111001110001010011001000000001
11011110110100011111101000000000
01001010010011110101011000000000
10101101010110111001111000000001
00011100111000101001100100000001
11111011111101100101000100000000
01101111011010001111110100000000
10001000011111000011010100000001
00100101001001111010101100000000
11000010001100110110001100000001
01010110101011011100111100000001
10110001101110010000011100000000
00001110011100010100110010000001
11101001011001011000010010000000
01111101111110110010100010000000
10011010111011111110000010000001
00110111101101000111111010000000
11010000101000001011011010000001
01000100001111100001101010000001
10100011001010101101001010000000
00010010100100111101010110000000
11110101100001110001110110000001
01100001000110011011000110000001
10000110000011010111100110000000
00101011010101101110011110000001
11001100010000100010111110000000
01011000110111001000001110000000
10111111110010000100101110000001
00000111001110001010011001000001
11100000001011000110111001000000
01110100101100101100001001000000
10010011101001100000101001000001
00111110111111011001010001000000
11011001111010010101110001000001
01001101011101111111000001000001
10101010011000110011100001000000
00011011110110100011111101000000
11111100110011101111011101000001
01101000010100000101101101000001
10001111010001001001001101000000
00100010000111110000110101000001
11000101000010111100010101000000
01010001100101010110100101000000
10110110100000011010000101000001
00001001010010011110101011000000
11101110010111010010001011000001
01111010110000111000111011000001
10011101110101110100011011000000
00110000100011001101100011000001
11010111100110000001000011000000
01000011000001101011110011000000
10100100000100100111010011000001
00010101101010110111001111000001
11110010101111111011101111000000
01100110001000010001011111000000
10000001001101011101111111000001
00101100011011100100000111000000
11001011011110101000100111000001
01011111111001000010010111000001
10111000111100001110110111000000
00000011100111000101001100100001
11100100100010001001101100100000
01110000000101100011011100100000
10010111000000101111111100100001
00111010010110010110000100100000
11011101010011011010100100100001
01001001110100110000010100100001
10101110110001111100110100100000
00011111011111101100101000100000
11111000011010100000001000100001
01101100111101001010111000100001
10001011111000000110011000100000
00100110101110111111100000100001
11000001101011110011000000100000
01010101001100011001110000100000
10110010001001010101010000100001
00001101111011010001111110100000
11101010111110011101011110100001
01111110011001110111101110100001
10011001011100111011001110100000
00110100001010000010110110100001
11010011001111001110010110100000
01000111101000100100100110100000
10100000101101101000000110100001
00010001000011111000011010100001
11110110000110110100111010100000
01100010100001011110001010100000
10000101100100010010101010100001
00101000110010101011010010100000
11001111110111100111110010100001
01011011010000001101000010100001
10111100010101000001100010100000
00000100101001001111010101100000
11100011101100000011110101100001
01110111001011101001000101100001
10010000001110100101100101100000
00111101011000011100011101100001
11011010011101010000111101100000
01001110111010111010001101100000
10101001111111110110101101100001
00011000010001100110110001100001
11111111010100101010010001100000
01101011110011000000100001100000
10001100110110001100000001100001
00100001100000110101111001100000
11000110100101111001011001100001
01010010000010010011101001100001
10110101000111011111001001100000
00001010110101011011100111100001
11101101110000010111000111100000
01111001010111111101110111100000
10011110010010110001010111100001
00110011000100001000101111100000
11010100000001000100001111100001
01000000100110101110111111100001
10100111100011100010011111100000
00010110001101110010000011100000
11110001001000111110100011100001
01100101101111010100010011100001
10000010101010011000110011100000
00101111111100100001001011100001
11001000111001101101101011100000
01011100011110000111011011100000
10111011011011001011111011100001
00000001110011100010100110010001
11100110110110101110000110010000
01110010010001000100110110010000
10010101010100001000010110010001
00111000000010110001101110010000
11011111000111111101001110010001
01001011100000010111111110010001
10101100100101011011011110010000
00011101001011001011000010010000
11111010001110000111100010010001
01101110101001101101010010010001
10001001101100100001110010010000
00100100111010011000001010010001
11000011111111010100101010010000
01010111011000111110011010010000
10110000011101110010111010010001
00001111101111110110010100010000
11101000101010111010110100010001
01111100001101010000000100010001
10011011001000011100100100010000
00110110011110100101011100010001
11010001011011101001111100010000
01000101111100000011001100010000
10100010111001001111101100010001
00010011010111011111110000010001
11110100010010010011010000010000
01100000110101111001100000010000
10000111110000110101000000010001
00101010100110001100111000010000
11001101100011000000011000010001
01011001000100101010101000010001
10111110000001100110001000010000
00000110111101101000111111010000
11100001111000100100011111010001
01110101011111001110101111010001
10010010011010000010001111010000
00111111001100111011110111010001
11011000001001110111010111010000
01001100101110011101100111010000
10101011101011010001000111010001
00011010000101000001011011010001
11111101000000001101111011010000
01101001100111100111001011010000
10001110100010101011101011010001
00100011110100010010010011010000
11000100110001011110110011010001
01010000010110110100000011010001
10110111010011111000100011010000
00001000100001111100001101010001
11101111100100110000101101010000
01111011000011011010011101010000
10011100000110010110111101010001
00110001010000101111000101010000
11010110010101100011100101010001
01000010110010001001010101010001
10100101110111000101110101010000
00010100011001010101101001010000
11110011011100011001001001010001
01100111111011110011111001010001
10000000111110111111011001010000
00101101101000000110100001010001
11001010101101001010000001010000
01011110001010100000110001010000
10111001001111101100010001010001
00000010010100100111101010110000
11100101010001101011001010110001
01110001110110000001111010110001
10010110110011001101011010110000
00111011100101110100100010110001
11011100100000111000000010110000
01001000000111010010110010110000
10101111000010011110010010110001
00011110101100001110001110110001
11111001101001000010101110110000
01101101001110101000011110110000
10001010001011100100111110110001
00100111011101011101000110110000
11000000011000010001100110110001
01010100111111111011010110110001
10110011111010110111110110110000
00001100001000110011011000110001
11101011001101111111111000110000
01111111101010010101001000110000
10011000101111011001101000110001
00110101111001100000010000110000
11010010111100101100110000110001
01000110011011000110000000110001
10100001011110001010100000110000
00010000110000011010111100110000
11110111110101010110011100110001
01100011010010111100101100110001
10000100010111110000001100110000
00101001000001001001110100110001
11001110000100000101010100110000
01011010100011101111100100110000
10111101100110100011000100110001
00000101011010101101110011110001
11100010011111100001010011110000
01110110111000001011100011110000
10010001111101000111000011110001
00111100101011111110111011110000
11011011101110110010011011110001
01001111001001011000101011110001
10101000001100010100001011110000
00011001100010000100010111110000
11111110100111001000110111110001
01101010000000100010000111110001
10001101000101101110100111110000
00100000010011010111011111110001
11000111010110011011111111110000
01010011110001110001001111110000
10110100110100111101101111110001
00001011000110111001000001110000
11101100000011110101100001110001
01111000100100011111010001110001
10011111100001010011110001110000
00110010110111101010001001110001
11010101110010100110101001110000
01000001010101001100011001110000
10100110010000000000111001110001
00010111111110010000100101110001
11110000111011011100000101110000
01100100011100110110110101110000
10000011011001111010010101110001
00101110001111000011101101110000
11001001001010001111001101110001
01011101101101100101111101110001
10111010101000101001011101110000
00000000111001110001010011001001
11100111111100111101110011001000
01110011011011010111000011001000
10010100011110011011100011001001
00111001001000100010011011001000
11011110001101101110111011001001
01001010101010000100001011001001
10101101101111001000101011001000
00011100000001011000110111001000
11111011000100010100010111001001
01101111100011111110100111001001
10001000100110110010000111001000
00100101110000001011111111001001
11000010110101000111011111001000
01010110010010101101101111001000
10110001010111100001001111001001
00001110100101100101100001001000
11101001100000101001000001001001
01111101000111000011110001001001
10011010000010001111010001001000
00110111010100110110101001001001
11010000010001111010001001001000
01000100110110010000111001001000
10100011110011011100011001001001
00010010011101001100000101001001
11110101011000000000100101001000
01100001111111101010010101001000
10000110111010100110110101001001
00101011101100011111001101001000
11001100101001010011101101001001
01011000001110111001011101001001
10111111001011110101111101001000
00000111110111111011001010001000
11100000110010110111101010001001
01110100010101011101011010001001
10010011010000010001111010001000
00111110000110101000000010001001
11011001000011100100100010001000
01001101100100001110010010001000
10101010100001000010110010001001
00011011001111010010101110001001
11111100001010011110001110001000
01101000101101110100111110001000
10001111101000111000011110001001
00100010111110000001100110001000
11000101111011001101000110001001
01010001011100100111110110001001
10110110011001101011010110001000
00001001101011101111111000001001
11101110101110100011011000001000
01111010001001001001101000001000
10011101001100000101001000001001
00110000011010111100110000001000
11010111011111110000010000001001
01000011111000011010100000001001
10100100111101010110000000001000
00010101010011000110011100001000
11110010010110001010111100001001
01100110110001100000001100001001
10000001110100101100101100001000
00101100100010010101010100001001
11001011100111011001110100001000
01011111000000110011000100001000
10111000000101111111100100001001
00000011011110110100011111101000
11100100011011111000111111101001
01110000111100010010001111101001
10010111111001011110101111101000
00111010101111100111010111101001
11011101101010101011110111101000
01001001001101000001000111101000
10101110001000001101100111101001
00011111100110011101111011101001
11111000100011010001011011101000
01101100000100111011101011101000
10001011000001110111001011101001
00100110010111001110110011101000
11000001010010000010010011101001
01010101110101101000100011101001
10110010110000100100000011101000
00001101000010100000101101101001
11101010000111101100001101101000
01111110100000000110111101101000
10011001100101001010011101101001
00110100110011110011100101101000
11010011110110111111000101101001
01000111010001010101110101101001
10100000010100011001010101101000
00010001111010001001001001101000
11110110111111000101101001101001
01100010011000101111011001101001
10000101011101100011111001101000
00101000001011011010000001101001
11001111001110010110100001101000
01011011101001111100010001101000
10111100101100110000110001101001
00000100010000111110000110101001
11100011010101110010100110101000
01110111110010011000010110101000
10010000110111010100110110101001
00111101100001101101001110101000
11011010100100100001101110101001
01001110000011001011011110101001
10101001000110000111111110101000
00011000101000010111100010101000
11111111101101011011000010101001
01101011001010110001110010101001
10001100001111111101010010101000
00100001011001000100101010101001
11000110011100001000001010101000
01010010111011100010111010101000
10110101111110101110011010101001
00001010001100101010110100101000
11101101001001100110010100101001
01111001101110001100100100101001
10011110101011000000000100101000
00110011111101111001111100101001
11010100111000110101011100101000
01000000011111011111101100101000
10100111011010010011001100101001
00010110110100000011010000101001
11110001110001001111110000101000
01100101010110100101000000101000
10000010010011101001100000101001
00101111000101010000011000101000
11001000000000011100111000101001
01011100100111110110001000101001
10111011100010111010101000101000
00000001001010010011110101011000
11100110001111011111010101011001
01110010101000110101100101011001
10010101101101111001000101011000
00111000111011000000111101011001
11011111111110001100011101011000
01001011011001100110101101011000
10101100011100101010001101011001
00011101110010111010010001011001
11111010110111110110110001011000
01101110010000011100000001011000
10001001010101010000100001011001
00100100000011101001011001011000
11000011000110100101111001011001
01010111100001001111001001011001
10110000100100000011101001011000
00001111010110000111000111011001
11101000010011001011100111011000
01111100110100100001010111011000
10011011110001101101110111011001
00110110100111010100001111011000
11010001100010011000101111011001
01000101000101110010011111011001
10100010000000111110111111011000
00010011101110101110100011011000
11110100101011100010000011011001
01100000001100001000110011011001
10000111001001000100010011011000
00101010011111111101101011011001
11001101011010110001001011011000
01011001111101011011111011011000
10111110111000010111011011011001
00000110000100011001101100011001
11100001000001010101001100011000
01110101100110111111111100011000
10010010100011110011011100011001
00111111110101001010100100011000
11011000110000000110000100011001
01001100010111101100110100011001
10101011010010100000010100011000
00011010111100110000001000011000
11111101111001111100101000011001
01101001011110010110011000011001
10001110011011011010111000011000
00100011001101100011000000011001
11000100001000101111100000011000
01010000101111000101010000011000
10110111101010001001110000011001
00001000011000001101011110011000
11101111011101000001111110011001
01111011111010101011001110011001
10011100111111100111101110011000
00110001101001011110010110011001
11010110101100010010110110011000
01000010001011111000000110011000
10100101001110110100100110011001
00010100100000100100111010011001
11110011100101101000011010011000
01100111000010000010101010011000
10000000000111001110001010011001
00101101010001110111110010011000
11001010010100111011010010011001
01011110110011010001100010011001
10111001110110011101000010011000
00000010101101010110111001111001
11100101101000011010011001111000
01110001001111110000101001111000
10010110001010111100001001111001
00111011011100000101110001111000
11011100011001001001010001111001
01001000111110100011100001111001
10101111111011101111000001111000
00011110010101111111011101111000
11111001010000110011111101111001
01101101110111011001001101111001
10001010110010010101101101111000
00100111100100101100010101111001
11000000100001100000110101111000
01010100000110001010000101111000
10110011000011000110100101111001
00001100110001000010001011111000
11101011110100001110101011111001
01111111010011100100011011111001
10011000010110101000111011111000
00110101000000010001000011111001
11010010000101011101100011111000
01000110100010110111010011111000
10100001100111111011110011111001
00010000001001101011101111111001
11110111001100100111001111111000
01100011101011001101111111111000
10000100101110000001011111111001
00101001111000111000100111111000
11001110111101110100000111111001
01011010011010011110110111111001
10111101011111010010010111111000
00000101100011011100100000111000
11100010100110010000000000111001
01110110000001111010110000111001
10010001000100110110010000111000
00111100010010001111101000111001
11011011010111000011001000111000
01001111110000101001111000111000
10101000110101100101011000111001
00011001011011110101000100111001
11111110011110111001100100111000
01101010111001010011010100111000
10001101111100011111110100111001
00100000101010100110001100111000
11000111101111101010101100111001
01010011001000000000011100111001
10110100001101001100111100111000
00001011111111001000010010111001
11101100111010000100110010111000
01111000011101101110000010111000
10011111011000100010100010111001
00110010001110011011011010111000
11010101001011010111111010111001
01000001101100111101001010111001
10100110101001110001101010111000
00010111000111100001110110111000
11110000000010101101010110111001
01100100100101000111100110111001
10000011100000001011000110111000
00101110110110110010111110111001
11001001110011111110011110111000
01011101010100010100101110111000
10111010010001011000001110111001
00000000011100111000101001100101
11100111011001110100001001100100
01110011111110011110111001100100
10010100111011010010011001100101
00111001101101101011100001100100
11011110101000100111000001100101
01001010001111001101110001100101
10101101001010000001010001100100
00011100100100010001001101100100
11111011100001011101101101100101
01101111000110110111011101100101
10001000000011111011111101100100
00100101010101000010000101100101
11000010010000001110100101100100
01010110110111100100010101100100
10110001110010101000110101100101
00001110000000101100011011100100
11101001000101100000111011100101
01111101100010001010001011100101
10011010100111000110101011100100
00110111110001111111010011100101
11010000110100110011110011100100
01000100010011011001000011100100
10100011010110010101100011100101
00010010111000000101111111100101
11110101111101001001011111100100
01100001011010100011101111100100
10000110011111101111001111100101
00101011001001010110110111100100
11001100001100011010010111100101
01011000101011110000100111100101
10111111101110111100000111100100
00000111010010110010110000100100
11100000010111111110010000100101
01110100110000010100100000100101
10010011110101011000000000100100
00111110100011100001111000100101
11011001100110101101011000100100
01001101000001000111101000100100
10101010000100001011001000100101
00011011101010011011010100100101
11111100101111010111110100100100
01101000001000111101000100100100
10001111001101110001100100100101
00100010011011001000011100100100
11000101011110000100111100100101
01010001111001101110001100100101
10110110111100100010101100100100
00001001001110100110000010100101
11101110001011101010100010100100
01111010101100000000010010100100
10011101101001001100110010100101
00110000111111110101001010100100
11010111111010111001101010100101
01000011011101010011011010100101
10100100011000011111111010100100
00010101110110001111100110100100
11110010110011000011000110100101
01100110010100101001110110100101
10000001010001100101010110100100
00101100000111011100101110100101
11001011000010010000001110100100
01011111100101111010111110100100
10111000100000110110011110100101
00000011111011111101100101000100
11100100111110110001000101000101
01110000011001011011110101000101
10010111011100010111010101000100
00111010001010101110101101000101
11011101001111100010001101000100
01001001101000001000111101000100
10101110101101000100011101000101
00011111000011010100000001000101
11111000000110011000100001000100
01101100100001110010010001000100
10001011100100111110110001000101
00100110110010000111001001000100
11000001110111001011101001000101
01010101010000100001011001000101
10110010010101101101111001000100
00001101100111101001010111000101
11101010100010100101110111000100
01111110000101001111000111000100
10011001000000000011100111000101
00110100010110111010011111000100
11010011010011110110111111000101
01000111110100011100001111000101
10100000110001010000101111000100
00010001011111000000110011000100
11110110011010001100010011000101
01100010111101100110100011000101
10000101111000101010000011000100
00101000101110010011111011000101
11001111101011011111011011000100
01011011001100110101101011000100
10111100001001111001001011000101
00000100110101110111111100000101
11100011110000111011011100000100
01110111010111010001101100000100
10010000010010011101001100000101
00111101000100100100110100000100
11011010000001101000010100000101
01001110100110000010100100000101
10101001100011001110000100000100
00011000001101011110011000000100
11111111001000010010111000000101
01101011101111111000001000000101
10001100101010110100101000000100
00100001111100001101010000000101
11000110111001000001110000000100
01010010011110101011000000000100
10110101011011100111100000000101
00001010101001100011001110000100
11101101101100101111101110000101
01111001001011000101011110000101
10011110001110001001111110000100
00110011011000110000000110000101
11010100011101111100100110000100
01000000111010010110010110000100
10100111111111011010110110000101
00010110010001001010101010000101
11110001010100000110001010000100
01100101110011101100111010000100
10000010110110100000011010000101
00101111100000011001100010000100
11001000100101010101000010000101
01011100000010111111110010000101
10111011000111110011010010000100
00000001101111011010001111110100
11100110101010010110101111110101
01110010001101111100011111110101
10010101001000110000111111110100
00111000011110001001000111110101
11011111011011000101100111110100
01001011111100101111010111110100
10101100111001100011110111110101
00011101010111110011101011110101
11111010010010111111001011110100
01101110110101010101111011110100
10001001110000011001011011110101
00100100100110100000100011110100
11000011100011101100000011110101
01010111000100000110110011110101
10110000000001001010010011110100
00001111110011001110111101110101
11101000110110000010011101110100
01111100010001101000101101110100
10011011010100100100001101110101
00110110000010011101110101110100
11010001000111010001010101110101
01000101100000111011100101110101
10100010100101110111000101110100
00010011001011100111011001110100
11110100001110101011111001110101
01100000101001000001001001110101
10000111101100001101101001110100
00101010111010110100010001110101
11001101111111111000110001110100
01011001011000010010000001110100
10111110011101011110100001110101
00000110100001010000010110110101
11100001100100011100110110110100
01110101000011110110000110110100
10010010000110111010100110110101
00111111010000000011011110110100
11011000010101001111111110110101
01001100110010100101001110110101
10101011110111101001101110110100
00011010011001111001110010110100
11111101011100110101010010110101
01101001111011011111100010110101
10001110111110010011000010110100
00100011101000101010111010110101
11000100101101100110011010110100
01010000001010001100101010110100
10110111001111000000001010110101
00001000111101000100100100110100
11101111111000001000000100110101
01111011011111100010110100110101
10011100011010101110010100110100
00110001001100010111101100110101
11010110001001011011001100110100
01000010101110110001111100110100
10100101101011111101011100110101
00010100000101101101000000110101
11110011000000100001100000110100
01100111100111001011010000110100
10000000100010000111110000110101
00101101110100111110001000110100
11001010110001110010101000110101
01011110010110011000011000110101
10111001010011010100111000110100
00000010001000011111000011010101
11100101001101010011100011010100
01110001101010111001010011010100
10010110101111110101110011010101
00111011111001001100001011010100
11011100111100000000101011010101
01001000011011101010011011010101
10101111011110100110111011010100
00011110110000110110100111010100
11111001110101111010000111010101
01101101010010010000110111010101
10001010010111011100010111010100
00100111000001100101101111010101
11000000000100101001001111010100
01010100100011000011111111010100
10110011100110001111011111010101
00001100010100001011110001010100
11101011010001000111010001010101
01111111110110101101100001010101
10011000110011100001000001010100
00110101100101011000111001010101
11010010100000010100011001010100
01000110000111111110101001010100
10100001000010110010001001010101
00010000101100100010010101010101
11110111101001101110110101010100
01100011001110000100000101010100
10000100001011001000100101010101
00101001011101110001011101010100
11001110011000111101111101010101
01011010111111010111001101010101
10111101111010011011101101010100
00000101000110010101011010010100
11100010000011011001111010010101
01110110100100110011001010010101
10010001100001111111101010010100
00111100110111000110010010010101
11011011110010001010110010010100
01001111010101100000000010010100
10101000010000101100100010010101
00011001111110111100111110010101
11111110111011110000011110010100
01101010011100011010101110010100
10001101011001010110001110010101
00100000001111101111110110010100
11000111001010100011010110010101
01010011101101001001100110010101
10110100101000000101000110010100
00001011011010000001101000010101
11101100011111001101001000010100
01111000111000100111111000010100
10011111111101101011011000010101
00110010101011010010100000010100
11010101101110011110000000010101
01000001001001110100110000010101
10100110001100111000010000010100
00010111100010101000001100010100
11110000100111100100101100010101
01100100000000001110011100010101
10000011000101000010111100010100
00101110010011111011000100010101
11001001010110110111100100010100
01011101110001011101010100010100
10111010110100010001110100010101
00000000100101001001111010101100
11100111100000000101011010101101
01110011000111101111101010101101
10010100000010100011001010101100
00111001010100011010110010101101
11011110010001010110010010101100
01001010110110111100100010101100
10101101110011110000000010101101
00011100011101100000011110101101
11111011011000101100111110101100
01101111111111000110001110101100
10001000111010001010101110101101
00100101101100110011010110101100
11000010101001111111110110101101
01010110001110010101000110101101
10110001001011011001100110101100
00001110111001011101001000101101
11101001111100010001101000101100
01111101011011111011011000101100
10011010011110110111111000101101
00110111001000001110000000101100
11010000001101000010100000101101
01000100101010101000010000101101
10100011101111100100110000101100
00010010000001110100101100101100
11110101000100111000001100101101
01100001100011010010111100101101
10000110100110011110011100101100
00101011110000100111100100101101
11001100110101101011000100101100
01011000010010000001110100101100
10111111010111001101010100101101
00000111101011000011100011101101
11100000101110001111000011101100
01110100001001100101110011101100
10010011001100101001010011101101
00111110011010010000101011101100
11011001011111011100001011101101
01001101111000110110111011101101
10101010111101111010011011101100
00011011010011101010000111101100
11111100010110100110100111101101
01101000110001001100010111101101
10001111110100000000110111101100
00100010100010111001001111101101
11000101100111110101101111101100
01010001000000011111011111101100
10110110000101010011111111101101
00001001110111010111010001101100
11101110110010011011110001101101
01111010010101110001000001101101
10011101010000111101100001101100
00110000000110000100011001101101
11010111000011001000111001101100
01000011100100100010001001101100
10100100100001101110101001101101
00010101001111111110110101101101
11110010001010110010010101101100
01100110101101011000100101101100
10000001101000010100000101101101
00101100111110101101111101101100
11001011111011100001011101101101
01011111011100001011101101101101
10111000011001000111001101101100
00000011000010001100110110001101
11100100000111000000010110001100
01110000100000101010100110001100
10010111100101100110000110001101
00111010110011011111111110001100
11011101110110010011011110001101
01001001010001111001101110001101
10101110010100110101001110001100
00011111111010100101010010001100
11111000111111101001110010001101
01101100011000000011000010001101
10001011011101001111100010001100
00100110001011110110011010001101
11000001001110111010111010001100
01010101101001010000001010001100
10110010101100011100101010001101
00001101011110011000000100001100
11101010011011010100100100001101
01111110111100111110010100001101
10011001111001110010110100001100
00110100101111001011001100001101
11010011101010000111101100001100
01000111001101101101011100001100
10100000001000100001111100001101
00010001100110110001100000001101
11110110100011111101000000001100
01100010000100010111110000001100
10000101000001011011010000001101
00101000010111100010101000001100
11001111010010101110001000001101
01011011110101000100111000001101
10111100110000001000011000001100
00000100001100000110101111001100
11100011001001001010001111001101
01110111101110100000111111001101
10010000101011101100011111001100
00111101111101010101100111001101
11011010111000011001000111001100
01001110011111110011110111001100
10101001011010111111010111001101
00011000110100101111001011001101
11111111110001100011101011001100
01101011010110001001011011001100
10001100010011000101111011001101
00100001000101111100000011001100
11000110000000110000100011001101
01010010100111011010010011001101
10110101100010010110110011001100
00001010010000010010011101001101
11101101010101011110111101001100
01111001110010110100001101001100
10011110110111111000101101001101
00110011100001000001010101001100
11010100100100001101110101001101
01000000000011100111000101001101
10100111000110101011100101001100
00010110101000111011111001001100
11110001101101110111011001001101
01100101001010011101101001001101
10000010001111010001001001001100
00101111011001101000110001001101
11001000011100100100010001001100
01011100111011001110100001001100
10111011111110000010000001001101
00000001010110101011011100111101
11100110010011100111111100111100
01110010110100001101001100111100
10010101110001000001101100111101
00111000100111111000010100111100
11011111100010110100110100111101
01001011000101011110000100111101
10101100000000010010100100111100
00011101101110000010111000111100
11111010101011001110011000111101
01101110001100100100101000111101
10001001001001101000001000111100
00100100011111010001110000111101
11000011011010011101010000111100
01010111111101110111100000111100
10110000111000111011000000111101
00001111001010111111101110111100
11101000001111110011001110111101
01111100101000011001111110111101
10011011101101010101011110111100
00110110111011101100100110111101
11010001111110100000000110111100
01000101011001001010110110111100
10100010011100000110010110111101
00010011110010010110001010111101
11110100110111011010101010111100
01100000010000110000011010111100
10000111010101111100111010111101
00101010000011000101000010111100
11001101000110001001100010111101
01011001100001100011010010111101
10111110100100101111110010111100
00000110011000100001000101111100
11100001011101101101100101111101
01110101111010000111010101111101
10010010111111001011110101111100
00111111101001110010001101111101
11011000101100111110101101111100
01001100001011010100011101111100
10101011001110011000111101111101
00011010100000001000100001111101
11111101100101000100000001111100
01101001000010101110110001111100
10001110000111100010010001111101
00100011010001011011101001111100
11000100010100010111001001111101
01010000110011111101111001111101
10110111110110110001011001111100
00001000000100110101110111111101
11101111000001111001010111111100
01111011100110010011100111111100
10011100100011011111000111111101
00110001110101100110111111111100
11010110110000101010011111111101
01000010010111000000101111111101
10100101010010001100001111111100
00010100111100011100010011111100
11110011111001010000110011111101
01100111011110111010000011111101
10000000011011110110100011111100
00101101001101001111011011111101
11001010001000000011111011111100
01011110101111101001001011111100
10111001101010100101101011111101
00000010110001101110010000011100
11100101110100100010110000011101
01110001010011001000000000011101
10010110010110000100100000011100
00111011000000111101011000011101
11011100000101110001111000011100
01001000100010011011001000011100
10101111100111010111101000011101
00011110001001000111110100011101
11111001001100001011010100011100
01101101101011100001100100011100
10001010101110101101000100011101
00100111111000010100111100011100
11000000111101011000011100011101
01010100011010110010101100011101
10110011011111111110001100011100
00001100101101111010100010011101
11101011101000110110000010011100
01111111001111011100110010011100
10011000001010010000010010011101
00110101011100101001101010011100
11010010011001100101001010011101
01000110111110001111111010011101
10100001111011000011011010011100
00010000010101010011000110011100
11110111010000011111100110011101
01100011110111110101010110011101
10000100110010111001110110011100
00101001100100000000001110011101
11001110100001001100101110011100
01011010000110100110011110011100
10111101000011101010111110011101
00000101111111100100001001011101
11100010111010101000101001011100
01110110011101000010011001011100
10010001011000001110111001011101
00111100001110110111000001011100
11011011001011111011100001011101
01001111101100010001010001011101
10101000101001011101110001011100
00011001000111001101101101011100
11111110000010000001001101011101
01101010100101101011111101011101
10001101100000100111011101011100
00100000110110011110100101011101
11000111110011010010000101011100
01010011010100111000110101011100
10110100010001110100010101011101
00001011100011110000111011011100
11101100100110111100011011011101
01111000000001010110101011011101
10011111000100011010001011011100
00110010010010100011110011011101
11010101010111101111010011011100
01000001110000000101100011011100
10100110110101001001000011011101
00010111011011011001011111011101
11110000011110010101111111011100
01100100111001111111001111011100
10000011111100110011101111011101
00101110101010001010010111011100
11001001101111000110110111011101
01011101001000101100000111011101
10111010001101100000100111011100
00000000001110011100010100110011
11100111001011010000110100110010
01110011101100111010000100110010
10010100101001110110100100110011
00111001111111001111011100110010
11011110111010000011111100110011
01001010011101101001001100110011
10101101011000100101101100110010
00011100110110110101110000110010
11111011110011111001010000110011
01101111010100010011100000110011
10001000010001011111000000110010
00100101000111100110111000110011
11000010000010101010011000110010
01010110100101000000101000110010
10110001100000001100001000110011
00001110010010001000100110110010
11101001010111000100000110110011
01111101110000101110110110110011
10011010110101100010010110110010
00110111100011011011101110110011
11010000100110010111001110110010
01000100000001111101111110110010
10100011000100110001011110110011
00010010101010100001000010110011
11110101101111101101100010110010
01100001001000000111010010110010
10000110001101001011110010110011
00101011011011110010001010110010
11001100011110111110101010110011
01011000111001010100011010110011
10111111111100011000111010110010
00000111000000010110001101110010
11100000000101011010101101110011
01110100100010110000011101110011
10010011100111111100111101110010
00111110110001000101000101110011
11011001110100001001100101110010
01001101010011100011010101110010
10101010010110101111110101110011
00011011111000111111101001110011
11111100111101110011001001110010
01101000011010011001111001110010
10001111011111010101011001110011
00100010001001101100100001110010
11000101001100100000000001110011
01010001101011001010110001110011
10110110101110000110010001110010
00001001011100000010111111110011
11101110011001001110011111110010
01111010111110100100101111110010
10011101111011101000001111110011
00110000101101010001110111110010
11010111101000011101010111110011
01000011001111110111100111110011
10100100001010111011000111110010
00010101100100101011011011110010
11110010100001100111111011110011
01100110000110001101001011110011
10000001000011000001101011110010
00101100010101111000010011110011
11001011010000110100110011110010
01011111110111011110000011110010
10111000110010010010100011110011
00000011101001011001011000010010
11100100101100010101111000010011
01110000001011111111001000010011
10010111001110110011101000010010
00111010011000001010010000010011
11011101011101000110110000010010
01001001111010101100000000010010
10101110111111100000100000010011
00011111010001110000111100010011
11111000010100111100011100010010
01101100110011010110101100010010
10001011110110011010001100010011
00100110100000100011110100010010
11000001100101101111010100010011
01010101000010000101100100010011
10110010000111001001000100010010
00001101110101001101101010010011
11101010110000000001001010010010
01111110010111101011111010010010
10011001010010100111011010010011
00110100000100011110100010010010
11010011000001010010000010010011
01000111100110111000110010010011
10100000100011110100010010010010
00010001001101100100001110010010
11110110001000101000101110010011
01100010101111000010011110010011
10000101101010001110111110010010
00101000111100110111000110010011
11001111111001111011100110010010
01011011011110010001010110010010
10111100011011011101110110010011
00000100100111010011000001010011
11100011100010011111100001010010
01110111000101110101010001010010
10010000000000111001110001010011
00111101010110000000001001010010
11011010010011001100101001010011
01001110110100100110011001010011
10101001110001101010111001010010
00011000011111111010100101010010
11111111011010110110000101010011
01101011111101011100110101010011
10001100111000010000010101010010
00100001101110101001101101010011
11000110101011100101001101010010
01010010001100001111111101010010
10110101001001000011011101010011
00001010111011000111110011010010
11101101111110001011010011010011
01111001011001100001100011010011
10011110011100101101000011010010
00110011001010010100111011010011
11010100001111011000011011010010
01000000101000110010101011010010
10100111101101111110001011010011
00010110000011101110010111010011
11110001000110100010110111010010
01100101100001001000000111010010
10000010100100000100100111010011
00101111110010111101011111010010
11001000110111110001111111010011
01011100010000011011001111010011
10111011010101010111101111010010
00000001111101111110110010100010
11100110111000110010010010100011
01110010011111011000100010100011
10010101011010010100000010100010
00111000001100101101111010100011
11011111001001100001011010100010
01001011101110001011101010100010
10101100101011000111001010100011
00011101000101010111010110100011
11111010000000011011110110100010
01101110100111110001000110100010
10001001100010111101100110100011
00100100110100000100011110100010
11000011110001001000111110100011
01010111010110100010001110100011
10110000010011101110101110100010
00001111100001101010000000100011
11101000100100100110100000100010
01111100000011001100010000100010
10011011000110000000110000100011
00110110010000111001001000100010
11010001010101110101101000100011
01000101110010011111011000100011
10100010110111010011111000100010
00010011011001000011100100100010
11110100011100001111000100100011
01100000111011100101110100100011
10000111111110101001010100100010
00101010101000010000101100100011
11001101101101011100001100100010
01011001001010110110111100100010
10111110001111111010011100100011
00000110110011110100101011100011
11100001110110111000001011100010
01110101010001010010111011100010
10010010010100011110011011100011
00111111000010100111100011100010
11011000000111101011000011100011
01001100100000000001110011100011
10101011100101001101010011100010
00011010001011011101001111100010
11111101001110010001101111100011
01101001101001111011011111100011
10001110101100110111111111100010
00100011111010001110000111100011
11000100111111000010100111100010
01010000011000101000010111100010
10110111011101100100110111100011
00001000101111100000011001100010
11101111101010101100111001100011
01111011001101000110001001100011
10011100001000001010101001100010
00110001011110110011010001100011
11010110011011111111110001100010
01000010111100010101000001100010
10100101111001011001100001100011
00010100010111001001111101100011
11110011010010000101011101100010
01100111110101101111101101100010
10000000110000100011001101100011
00101101100110011010110101100010
11001010100011010110010101100011
01011110000100111100100101100011
10111001000001110000000101100010
00000010011010111011111110000011
11100101011111110111011110000010
01110001111000011101101110000010
10010110111101010001001110000011
00111011101011101000110110000010
11011100101110100100010110000011
01001000001001001110100110000011
10101111001100000010000110000010
00011110100010010010011010000010
11111001100111011110111010000011
01101101000000110100001010000011
10001010000101111000101010000010
00100111010011000001010010000011
11000000010110001101110010000010
01010100110001100111000010000010
10110011110100101011100010000011
00001100000110101111001100000010
11101011000011100011101100000011
01111111100100001001011100000011
10011000100001000101111100000010
00110101110111111100000100000011
11010010110010110000100100000010
01000110010101011010010100000010
10100001010000010110110100000011
00010000111110000110101000000011
11110111111011001010001000000010
01100011011100100000111000000010
10000100011001101100011000000011
00101001001111010101100000000010
11001110001010011001000000000011
01011010101101110011110000000011
10111101101000111111010000000010
00000101010100110001100111000010
11100010010001111101000111000011
01110110110110010111110111000011
10010001110011011011010111000010
00111100100101100010101111000011
11011011100000101110001111000010
01001111000111000100111111000010
10101000000010001000011111000011
00011001101100011000000011000011
11111110101001010100100011000010
01101010001110111110010011000010
10001101001011110010110011000011
00100000011101001011001011000010
11000111011000000111101011000011
01010011111111101101011011000011
10110100111010100001111011000010
00001011001000100101010101000011
11101100001101101001110101000010
01111000101010000011000101000010
10011111101111001111100101000011
00110010111001110110011101000010
11010101111100111010111101000011
01000001011011010000001101000011
10100110011110011100101101000010
00010111110000001100110001000010
11110000110101000000010001000011
01100100010010101010100001000011
10000011010111100110000001000010
00101110000001011111111001000011
11001001000100010011011001000010
01011101100011111001101001000010
10111010100110110101001001000011
00000000110111101101000111111010
11100111110010100001100111111011
01110011010101001011010111111011
10010100010000000111110111111010
00111001000110111110001111111011
11011110000011110010101111111010
01001010100100011000011111111010
10101101100001010100111111111011
00011100001111000100100011111011
11111011001010001000000011111010
01101111101101100010110011111010
10001000101000101110010011111011
00100101111110010111101011111010
11000010111011011011001011111011
01010110011100110001111011111011
10110001011001111101011011111010
00001110101011111001110101111011
11101001101110110101010101111010
01111101001001011111100101111010
10011010001100010011000101111011
00110111011010101010111101111010
11010000011111100110011101111011
01000100111000001100101101111011
10100011111101000000001101111010
00010010010011010000010001111010
11110101010110011100110001111011
01100001110001110110000001111011
10000110110100111010100001111010
00101011100010000011011001111011
11001100100111001111111001111010
01011000000000100101001001111010
10111111000101101001101001111011
00000111111001100111011110111011
11100000111100101011111110111010
01110100011011000001001110111010
10010011011110001101101110111011
00111110001000110100010110111010
11011001001101111000110110111011
01001101101010010010000110111011
10101010101111011110100110111010
00011011000001001110111010111010
11111100000100000010011010111011
01101000100011101000101010111011
10001111100110100100001010111010
00100010110000011101110010111011
11000101110101010001010010111010
01010001010010111011100010111010
10110110010111110111000010111011
00001001100101110011101100111010
11101110100000111111001100111011
01111010000111010101111100111011
10011101000010011001011100111010
00110000010100100000100100111011
11010111010001101100000100111010
01000011110110000110110100111010
10100100110011001010010100111011
00010101011101011010001000111011
11110010011000010110101000111010
01100110111111111100011000111010
10000001111010110000111000111011
00101100101100001001000000111010
11001011101001000101100000111011
01011111001110101111010000111011
10111000001011100011110000111010
00000011010000101000001011011011
11100100010101100100101011011010
01110000110010001110011011011010
10010111110111000010111011011011
00111010100001111011000011011010
11011101100100110111100011011011
01001001000011011101010011011011
10101110000110010001110011011010
00011111101000000001101111011010
11111000101101001101001111011011
01101100001010100111111111011011
10001011001111101011011111011010
00100110011001010010100111011011
11000001011100011110000111011010
01010101111011110100110111011010
10110010111110111000010111011011
00001101001100111100111001011010
11101010001001110000011001011011
01111110101110011010101001011011
10011001101011010110001001011010
00110100111101101111110001011011
11010011111000100011010001011010
01000111011111001001100001011010
10100000011010000101000001011011
00010001110100010101011101011011
11110110110001011001111101011010
01100010010110110011001101011010
10000101010011111111101101011011
00101000000101000110010101011010
11001111000000001010110101011011
01011011100111100000000101011011
10111100100010101100100101011010
00000100011110100010010010011010
11100011011011101110110010011011
01110111111100000100000010011011
10010000111001001000100010011010
00111101101111110001011010011011
11011010101010111101111010011010
01001110001101010111001010011010
10101001001000011011101010011011
00011000100110001011110110011011
11111111100011000111010110011010
01101011000100101101100110011010
10001100000001100001000110011011
00100001010111011000111110011010
11000110010010010100011110011011
01010010110101111110101110011011
10110101110000110010001110011010
00001010000010110110100000011011
11101101000111111010000000011010
01111001100000010000110000011010
10011110100101011100010000011011
00110011110011100101101000011010
11010100110110101001001000011011
01000000010001000011111000011011
10100111010100001111011000011010
00010110111010011111000100011010
11110001111111010011100100011011
01100101011000111001010100011011
10000010011101110101110100011010
00101111001011001100001100011011
11001000001110000000101100011010
01011100101001101010011100011010
10111011101100100110111100011011
00000001000100001111100001101011
11100110000001000011000001101010
01110010100110101001110001101010
10010101100011100101010001101011
00111000110101011100101001101010
11011111110000010000001001101011
01001011010111111010111001101011
10101100010010110110011001101010
00011101111100100110000101101010
11111010111001101010100101101011
01101110011110000000010101101011
10001001011011001100110101101010
00100100001101110101001101101011
11000011001000111001101101101010
01010111101111010011011101101010
10110000101010011111111101101011
00001111011000011011010011101010
11101000011101010111110011101011
01111100111010111101000011101011
10011011111111110001100011101010
00110110101001001000011011101011
11010001101100000100111011101010
01000101001011101110001011101010
10100010001110100010101011101011
00010011100000110010110111101011
11110100100101111110010111101010
01100000000010010100100111101010
10000111000111011000000111101011
00101010010001100001111111101010
11001101010100101101011111101011
01011001110011000111101111101011
10111110110110001011001111101010
00000110001010000101111000101010
11100001001111001001011000101011
01110101101000100011101000101011
10010010101101101111001000101010
00111111111011010110110000101011
11011000111110011010010000101010
01001100011001110000100000101010
10101011011100111100000000101011
00011010110010101100011100101011
11111101110111100000111100101010
01101001010000001010001100101010
10001110010101000110101100101011
00100011000011111111010100101010
11000100000110110011110100101011
01010000100001011001000100101011
10110111100100010101100100101010
00001000010110010001001010101011
11101111010011011101101010101010
01111011110100110111011010101010
10011100110001111011111010101011
00110001100111000010000010101010
11010110100010001110100010101011
01000010000101100100010010101011
10100101000000101000110010101010
00010100101110111000101110101010
11110011101011110100001110101011
01100111001100011110111110101011
10000000001001010010011110101010
00101101011111101011100110101011
11001010011010100111000110101010
01011110111101001101110110101010
10111001111000000001010110101011
00000010100011001010101101001010
11100101100110000110001101001011
01110001000001101100111101001011
10010110000100100000011101001010
00111011010010011001100101001011
11011100010111010101000101001010
01001000110000111111110101001010
10101111110101110011010101001011
00011110011011100011001001001011
11111001011110101111101001001010
01101101111001000101011001001010
10001010111100001001111001001011
00100111101010110000000001001010
11000000101111111100100001001011
01010100001000010110010001001011
10110011001101011010110001001010
00001100111111011110011111001011
11101011111010010010111111001010
01111111011101111000001111001010
10011000011000110100101111001011
00110101001110001101010111001010
11010010001011000001110111001011
01000110101100101011000111001011
10100001101001100111100111001010
00010000000111110111111011001010
11110111000010111011011011001011
01100011100101010001101011001011
10000100100000011101001011001010
00101001110110100100110011001011
11001110110011101000010011001010
01011010010100000010100011001010
10111101010001001110000011001011
00000101101101000000110100001011
11100010101000001100010100001010
01110110001111100110100100001010
10010001001010101010000100001011
00111100011100010011111100001010
11011011011001011111011100001011
01001111111110110101101100001011
10101000111011111001001100001010
00011001010101101001010000001010
11111110010000100101110000001011
01101010110111001111000000001011
10001101110010000011100000001010
00100000100100111010011000001011
11000111100001110110111000001010
01010011000110011100001000001010
10110100000011010000101000001011
00001011110001010100000110001010
11101100110100011000100110001011
01111000010011110010010110001011
10011111010110111110110110001010
00110010000000000111001110001011
11010101000101001011101110001010
01000001100010100001011110001010
10100110100111101101111110001011
00010111001001111101100010001011
11110000001100110001000010001010
01100100101011011011110010001010
10000011101110010111010010001011
00101110111000101110101010001010
11001001111101100010001010001011
01011101011010001000111010001011
10111010011111000100011010001010
00000000010010100100111101010110
11100111010111101000011101010111
01110011110000000010101101010111
10010100110101001110001101010110
00111001100011110111110101010111
11011110100110111011010101010110
01001010000001010001100101010110
10101101000100011101000101010111
00011100101010001101011001010111
11111011101111000001111001010110
01101111001000101011001001010110
10001000001101100111101001010111
00100101011011011110010001010110
11000010011110010010110001010111
01010110111001111000000001010111
10110001111100110100100001010110
00001110001110110000001111010111
11101001001011111100101111010110
01111101101100010110011111010110
10011010101001011010111111010111
00110111111111100011000111010110
11010000111010101111100111010111
01000100011101000101010111010111
10100011011000001001110111010110
00010010110110011001101011010110
11110101110011010101001011010111
01100001010100111111111011010111
10000110010001110011011011010110
00101011000111001010100011010111
11001100000010000110000011010110
01011000100101101100110011010110
10111111100000100000010011010111
00000111011100101110100100010111
11100000011001100010000100010110
01110100111110001000110100010110
10010011111011000100010100010111
00111110101101111101101100010110
11011001101000110001001100010111
01001101001111011011111100010111
10101010001010010111011100010110
00011011100100000111000000010110
11111100100001001011100000010111
01101000000110100001010000010111
10001111000011101101110000010110
00100010010101010100001000010111
11000101010000011000101000010110
01010001110111110010011000010110
10110110110010111110111000010111
00001001000000111010010110010110
11101110000101110110110110010111
01111010100010011100000110010111
10011101100111010000100110010110
00110000110001101001011110010111
11010111110100100101111110010110
01000011010011001111001110010110
10100100010110000011101110010111
00010101111000010011110010010111
11110010111101011111010010010110
01100110011010110101100010010110
10000001011111111001000010010111
00101100001001000000111010010110
11001011001100001100011010010111
01011111101011100110101010010111
10111000101110101010001010010110
00000011110101100001110001110111
11100100110000101101010001110110
01110000010111000111100001110110
10010111010010001011000001110111
00111010000100110010111001110110
11011101000001111110011001110111
01001001100110010100101001110111
10101110100011011000001001110110
00011111001101001000010101110110
11111000001000000100110101110111
01101100101111101110000101110111
10001011101010100010100101110110
00100110111100011011011101110111
11000001111001010111111101110110
01010101011110111101001101110110
10110010011011110001101101110111
00001101101001110101000011110110
11101010101100111001100011110111
01111110001011010011010011110111
10011001001110011111110011110110
00110100011000100110001011110111
11010011011101101010101011110110
01000111111010000000011011110110
10100000111111001100111011110111
00010001010001011100100111110111
11110110010100010000000111110110
01100010110011111010110111110110
10000101110110110110010111110111
00101000100000001111101111110110
11001111100101000011001111110111
01011011000010101001111111110111
10111100000111100101011111110110
00000100111011101011101000110110
11100011111110100111001000110111
01110111011001001101111000110111
10010000011100000001011000110110
00111101001010111000100000110111
11011010001111110100000000110110
01001110101000011110110000110110
10101001101101010010010000110111
00011000000011000010001100110111
11111111000110001110101100110110
01101011100001100100011100110110
10001100100100101000111100110111
00100001110010010001000100110110
11000110110111011101100100110111
01010010010000110111010100110111
10110101010101111011110100110110
00001010100111111111011010110111
11101101100010110011111010110110
01111001000101011001001010110110
10011110000000010101101010110111
00110011010110101100010010110110
11010100010011100000110010110111
01000000110100001010000010110111
10100111110001000110100010110110
00010110011111010110111110110110
11110001011010011010011110110111
01100101111101110000101110110111
10000010111000111100001110110110
00101111101110000101110110110111
11001000101011001001010110110110
01011100001100100011100110110110
10111011001001101111000110110111
00000001100001000110011011000111
11100110100100001010111011000110
01110010000011100000001011000110
10010101000110101100101011000111
00111000010000010101010011000110
11011111010101011001110011000111
01001011110010110011000011000111
10101100110111111111100011000110
00011101011001101111111111000110
11111010011100100011011111000111
01101110111011001001101111000111
10001001111110000101001111000110
00100100101000111100110111000111
11000011101101110000010111000110
01010111001010011010100111000110
10110000001111010110000111000111
00001111111101010010101001000110
11101000111000011110001001000111
01111100011111110100111001000111
10011011011010111000011001000110
00110110001100000001100001000111
11010001001001001101000001000110
01000101101110100111110001000110
10100010101011101011010001000111
00010011000101111011001101000111
11110100000000110111101101000110
01100000100111011101011101000110
10000111100010010001111101000111
00101010110100101000000101000110
11001101110001100100100101000111
01011001010110001110010101000111
10111110010011000010110101000110
00000110101111001100000010000110
11100001101010000000100010000111
01110101001101101010010010000111
10010010001000100110110010000110
00111111011110011111001010000111
11011000011011010011101010000110
01001100111100111001011010000110
10101011111001110101111010000111
00011010010111100101100110000111
11111101010010101001000110000110
01101001110101000011110110000110
10001110110000001111010110000111
00100011100110110110101110000110
11000100100011111010001110000111
01010000000100010000111110000111
10110111000001011100011110000110
00001000110011011000110000000111
11101111110110010100010000000110
01111011010001111110100000000110
10011100010100110010000000000111
00110001000010001011111000000110
11010110000111000111011000000111
01000010100000101101101000000111
10100101100101100001001000000110
00010100001011110001010100000110
11110011001110111101110100000111
01100111101001010111000100000111
10000000101100011011100100000110
00101101111010100010011100000111
11001010111111101110111100000110
01011110011000000100001100000110
10111001011101001000101100000111
00000010000110000011010111100110
11100101000011001111110111100111
01110001100100100101000111100111
10010110100001101001100111100110
00111011110111010000011111100111
11011100110010011100111111100110
01001000010101110110001111100110
10101111010000111010101111100111
00011110111110101010110011100111
11111001111011100110010011100110
01101101011100001100100011100110
10001010011001000000000011100111
00100111001111111001111011100110
11000000001010110101011011100111
01010100101101011111101011100111
10110011101000010011001011100110
00001100011010010111100101100111
11101011011111011011000101100110
01111111111000110001110101100110
10011000111101111101010101100111
00110101101011000100101101100110
11010010101110001000001101100111
01000110001001100010111101100111
10100001001100101110011101100110
00010000100010111110000001100110
11110111100111110010100001100111
01100011000000011000010001100111
10000100000101010100110001100110
00101001010011101101001001100111
11001110010110100001101001100110
01011010110001001011011001100110
10111101110100000111111001100111
00000101001000001001001110100111
11100010001101000101101110100110
01110110101010101111011110100110
10010001101111100011111110100111
00111100111001011010000110100110
11011011111100010110100110100111
01001111011011111100010110100111
10101000011110110000110110100110
00011001110000100000101010100110
11111110110101101100001010100111
01101010010010000110111010100111
10001101010111001010011010100110
00100000000001110011100010100111
11000111000100111111000010100110
01010011100011010101110010100110
10110100100110011001010010100111
00001011010100011101111100100110
11101100010001010001011100100111
01111000110110111011101100100111
10011111110011110111001100100110
00110010100101001110110100100111
11010101100000000010010100100110
01000001000111101000100100100110
10100110000010100100000100100111
00010111101100110100011000100111
11110000101001111000111000100110
01100100001110010010001000100110
10000011001011011110101000100111
00101110011101100111010000100110
11001001011000101011110000100111
01011101111111000001000000100111
10111010111010001101100000100110
00000000101011010101101110011111
11100111101110011001001110011110
01110011001001110011111110011110
10010100001100111111011110011111
00111001011010000110100110011110
11011110011111001010000110011111
01001010111000100000110110011111
10101101111101101100010110011110
00011100010011111100001010011110
11111011010110110000101010011111
01101111110001011010011010011111
10001000110100010110111010011110
00100101100010101111000010011111
11000010100111100011100010011110
01010110000000001001010010011110
10110001000101000101110010011111
00001110110111000001011100011110
11101001110010001101111100011111
01111101010101100111001100011111
10011010010000101011101100011110
00110111000110010010010100011111
11010000000011011110110100011110
01000100100100110100000100011110
10100011100001111000100100011111
00010010001111101000111000011111
11110101001010100100011000011110
01100001101101001110101000011110
10000110101000000010001000011111
00101011111110111011110000011110
11001100111011110111010000011111
01011000011100011101100000011111
10111111011001010001000000011110
00000111100101011111110111011110
11100000100000010011010111011111
01110100000111111001100111011111
10010011000010110101000111011110
00111110010100001100111111011111
11011001010001000000011111011110
01001101110110101010101111011110
10101010110011100110001111011111
00011011011101110110010011011111
11111100011000111010110011011110
01101000111111010000000011011110
10001111111010011100100011011111
00100010101100100101011011011110
11000101101001101001111011011111
01010001001110000011001011011111
10110110001011001111101011011110
00001001111001001011000101011111
11101110111100000111100101011110
01111010011011101101010101011110
10011101011110100001110101011111
00110000001000011000001101011110
11010111001101010100101101011111
01000011101010111110011101011111
10100100101111110010111101011110
00010101000001100010100001011110
11110010000100101110000001011111
01100110100011000100110001011111
10000001100110001000010001011110
00101100110000110001101001011111
11001011110101111101001001011110
01011111010010010111111001011110
10111000010111011011011001011111
00000011001100010000100010111110
11100100001001011100000010111111
01110000101110110110110010111111
10010111101011111010010010111110
00111010111101000011101010111111
11011101111000001111001010111110
01001001011111100101111010111110
10101110011010101001011010111111
00011111110100111001000110111111
11111000110001110101100110111110
01101100010110011111010110111110
10001011010011010011110110111111
00100110000101101010001110111110
11000001000000100110101110111111
01010101100111001100011110111111
10110010100010000000111110111110
00001101010000000100010000111111
11101010010101001000110000111110
01111110110010100010000000111110
10011001110111101110100000111111
00110100100001010111011000111110
11010011100100011011111000111111
01000111000011110001001000111111
10100000000110111101101000111110
00010001101000101101110100111110
11110110101101100001010100111111
01100010001010001011100100111111
10000101001111000111000100111110
00101000011001111110111100111111
11001111011100110010011100111110
01011011111011011000101100111110
10111100111110010100001100111111
00000100000010011010111011111111
11100011000111010110011011111110
01110111100000111100101011111110
10010000100101110000001011111111
00111101110011001001110011111110
11011010110110000101010011111111
01001110010001101111100011111111
10101001010100100011000011111110
00011000111010110011011111111110
11111111111111111111111111111111
01101011011000010101001111111111
10001100011101011001101111111110
00100001001011100000010111111111
11000110001110101100110111111110
01010010101001000110000111111110
10110101101100001010100111111111
00001010011110001110001001111110
11101101011011000010101001111111
01111001111100101000011001111111
10011110111001100100111001111110
00110011101111011101000001111111
11010100101010010001100001111110
01000000001101111011010001111110
10100111001000110111110001111111
00010110100110100111101101111111
11110001100011101011001101111110
01100101000100000001111101111110
10000010000001001101011101111111
00101111010111110100100101111110
11001000010010111000000101111111
01011100110101010010110101111111
10111011110000011110010101111110
00000001011000110111001000001110
11100110011101111011101000001111
01110010111010010001011000001111
10010101111111011101111000001110
00111000101001100100000000001111
11011111101100101000100000001110
01001011001011000010010000001110
10101100001110001110110000001111
00011101100000011110101100001111
11111010100101010010001100001110
01101110000010111000111100001110
10001001000111110100011100001111
00100100010001001101100100001110
11000011010100000001000100001111
01010111110011101011110100001111
10110000110110100111010100001110
00001111000100100011111010001111
11101000000001101111011010001110
01111100100110000101101010001110
10011011100011001001001010001111
00110110110101110000110010001110
11010001110000111100010010001111
01000101010111010110100010001111
10100010010010011010000010001110
00010011111100001010011110001110
11110100111001000110111110001111
01100000011110101100001110001111
10000111011011100000101110001110
00101010001101011001010110001111
11001101001000010101110110001110
01011001101111111111000110001110
10111110101010110011100110001111
00000110010110111101010001001111
11100001010011110001110001001110
01110101110100011011000001001110
10010010110001010111100001001111
00111111100111101110011001001110
11011000100010100010111001001111
01001100000101001000001001001111
10101011000000000100101001001110
00011010101110010100110101001110
11111101101011011000010101001111
01101001001100110010100101001111
10001110001001111110000101001110
00100011011111000111111101001111
11000100011010001011011101001110
01010000111101100001101101001110
10110111111000101101001101001111
00001000001010101001100011001110
11101111001111100101000011001111
01111011101000001111110011001111
10011100101101000011010011001110
00110001111011111010101011001111
11010110111110110110001011001110
01000010011001011100111011001110
10100101011100010000011011001111
00010100110010000000000111001111
11110011110111001100100111001110
01100111010000100110010111001110
10000000010101101010110111001111
00101101000011010011001111001110
11001010000110011111101111001111
01011110100001110101011111001111
10111001100100111001111111001110
00000010111111110010000100101111
11100101111010111110100100101110
01110001011101010100010100101110
10010110011000011000110100101111
00111011001110100001001100101110
11011100001011101101101100101111
01001000101100000111011100101111
10101111101001001011111100101110
00011110000111011011100000101110
11111001000010010111000000101111
01101101100101111101110000101111
10001010100000110001010000101110
00100111110110001000101000101111
11000000110011000100001000101110
01010100010100101110111000101110
10110011010001100010011000101111
00001100100011100110110110101110
11101011100110101010010110101111
01111111000001000000100110101111
10011000000100001100000110101110
00110101010010110101111110101111
11010010010111111001011110101110
01000110110000010011101110101110
10100001110101011111001110101111
00010000011011001111010010101111
11110111011110000011110010101110
01100011111001101001000010101110
10000100111100100101100010101111
00101001101010011100011010101110
11001110101111010000111010101111
01011010001000111010001010101111
10111101001101110110101010101110
00000101110001111000011101101110
11100010110100110100111101101111
01110110010011011110001101101111
10010001010110010010101101101110
00111100000000101011010101101111
11011011000101100111110101101110
01001111100010001101000101101110
10101000100111000001100101101111
00011001001001010001111001101111
11111110001100011101011001101110
01101010101011110111101001101110
10001101101110111011001001101111
00100000111000000010110001101110
11000111111101001110010001101111
01010011011010100100100001101111
10110100011111101000000001101110
00001011101101101100101111101111
11101100101000100000001111101110
01111000001111001010111111101110
10011111001010000110011111101111
00110010011100111111100111101110
11010101011001110011000111101111
01000001111110011001110111101111
10100110111011010101010111101110
00010111010101000101001011101110
11110000010000001001101011101111
01100100110111100011011011101111
10000011110010101111111011101110
00101110100100010110000011101111
11001001100001011010100011101110
01011101000110110000010011101110
10111010000011111100110011101111
