0000000000000010000000000000
0001001111001001010011110010
0000100111100100101001111001
0100010011110001010100111100
0010001001111000101010011110
0001000100111100010101001111
0100100010011101001010100111
0110010001001101100101010011
0111001000100101110010101001
0111100100010001111001010100
0011110010001000111100101010
0001111001000100011110010101
0100111100100001001111001010
0010011110010000100111100101
1000000000000011111111111111
0101001111001011101100001101
0010100111100111110110000110
0101010011110010111011000011
0010101001111011011101100001
0001010100111111101110110000
0100101010011110110111011000
0110010101001110011011101100
0111001010100110001101110110
0111100101010010000110111011
0011110010101011000011011101
0001111001010111100001101110
0100111100101010110000110111
0010011110010111011000011011
1111111111111101111111111111
1110110000110110101100001101
1111011000011011010110000110
1011101100001110101011000011
1101110110000111010101100001
1110111011000011101010110000
1011011101100010110101011000
1001101110110010011010101100
1000110111011010001101010110
1000011011101110000110101011
1100001101110111000011010101
1110000110111011100001101010
1011000011011110110000110101
1101100001101111011000011010
0111111111111100000000000000
1010110000110100010011110010
1101011000011000001001111001
1010101100001101000100111100
1101010110000100100010011110
1110101011000000010001001111
1011010101100001001000100111
1001101010110001100100010011
1000110101011001110010001001
1000011010101101111001000100
1100001101010100111100100010
1110000110101000011110010001
1011000011010101001111001000
1101100001101000100111100100
