0000000
1000001
0100001
0010001
0001001
0000101
0000011
1100000
1010000
1001000
1000100
1000010
0110000
0101000
0100100
0100010
0011000
0010100
0010010
0001100
0001010
0000110
1110001
1101001
1100101
1100011
1011001
1010101
1010011
1001101
1001011
1000111
0111001
0110101
0110011
0101101
0101011
0100111
0011101
0011011
0010111
0001111
1111000
1110100
1110010
1101100
1101010
1100110
1011100
1011010
1010110
1001110
0111100
0111010
0110110
0101110
0011110
1111101
1111011
1110111
1101111
1011111
0111111
1111110